2500 2
-13.31819238830537 2.287095808982584
-12.170492134257774 -1.2550532400434853
-15.316336399868062 -0.6126162559829799
-14.845127832873615 3.320619796768124
-12.402760117499534 2.305293577489478
-11.90094782311314 1.024346323833107
-14.300151395089895 1.3511280859240302
-13.34061468444029 0.38924741593795675
-14.796578519887737 1.0305141921593564
-14.597009126889189 2.082709602856682
-13.721866928099702 -0.6167586231727592
-13.652202100376236 0.10130779834427406
-13.345240446454495 1.7028169956477304
-14.86042330836659 1.1491273237704522
-12.467673844961993 0.8436685179439092
-11.900268153334174 1.6865421321735372
-13.671510611353408 2.3406628472316515
-13.732184683415406 1.366459300513014
-14.600130389466745 1.2703863848648276
-13.192466738280437 1.7570222666442288
-12.525354808278125 -0.09983630924719977
-15.461088859974764 0.07888763895428075
-10.745731404490497 1.7879114008171815
-12.601287875510613 1.1339433353359263
-12.021588406197298 0.32046391010509245
-13.760323147165204 0.011421504834139173
-13.358972999419565 0.7434635467379873
-13.55155884760134 0.9703377153094581
-15.009327138468077 -0.9068569934096181
-13.353574600833735 0.5645642215963529
-13.536722547804867 2.1872690135317274
-14.151754345388458 0.19565767971111458
-14.532154711960208 1.3583725794671175
-11.170945155060558 1.7934760607154459
-11.085769962857055 0.3647754823750048
-14.780593037776082 -0.48593411003524023
-13.260442871621377 0.986581588848114
-12.228338238655342 -0.5058848032693023
-12.873673449640869 -0.14096431021816713
-12.191833551011669 0.038369373537812335
-13.18217018453684 2.141766442322775
-13.782650838709705 1.0240046417626405
-12.064390724506241 0.6881982739906567
-13.576425826364938 -0.017385135560641696
-14.206685582336963 1.0966412762737023
-11.343923723075992 0.5200383711269319
-12.71984314968609 0.9961838545008594
-14.447969799982102 0.9222933967164423
-12.416483892749515 0.5407138875134566
-14.561793578539534 -0.22018026696524673
-16.612760386168 -0.019825081270036682
-14.482251968853975 0.6729638793588906
-14.32828229970577 0.2304769718783014
-13.244759391731327 0.6012298154112833
-14.634362290742837 0.6540524107109982
-11.969864653792493 1.2816550157029327
-13.385318574610377 0.8692227198223714
-12.962999769412312 -0.2530813946909679
-12.808892864242056 -0.6249378286457928
-14.434075832439026 -1.2250733645034066
-12.933611036574286 0.918027950025805
-12.534747938304239 0.5308435729886816
-14.425266508757645 1.1550056029385736
-13.823323818249754 1.0439945551393424
-13.635628670691565 -0.31482882522634525
-12.083174357311652 0.8849693978002803
-14.099350886605473 0.08479598863573934
-13.40213209231141 1.501465130232543
-13.660964270400244 1.8626871585524052
-11.061519740171605 1.2494793792628003
-13.083072140289632 -0.5022526898081859
-13.949338493606477 1.800437225988489
-13.400903776926556 2.034945756180152
-14.828287606144636 -0.6663611780152433
-10.741008699398822 1.43321982774123
-13.97389121960653 -0.5241400105983894
-12.23682861983439 1.6635856121627244
-12.719303251771093 1.823791585410268
-13.702850022288377 1.8283865310072667
-12.45999071098867 -0.03751774630039051
-14.48899246474928 1.216920666637553
-12.941509821957641 -0.1834047361047565
-11.099161914565581 1.3144561091906581
-12.63322759356006 0.7966313335500435
-14.491039632427203 0.8760898485572475
-13.281897997598486 2.5741909738344555
-13.470166524089882 0.9984791878607125
-12.461502430066862 1.744386684541264
-15.23322403568517 0.9880739879242076
-12.199631355581785 0.6442381592289192
-13.856200586150269 1.9964178863373667
-12.118900961954713 0.9527728177920926
-13.61112123009309 2.3071504583405518
-12.072067034684203 -0.6647820366221454
-14.938923158544572 2.5576628431021375
-14.430361374796956 1.1187707386814665
-14.2600611605325 0.8235582447971326
-14.130364262826442 0.44961021965625486
-12.997097910119656 -0.36936307740575447
-12.959531794975943 0.5019901341892585
-14.079567793528101 1.2788845497806647
-14.55526703611487 2.3957296615559778
-13.99676955669075 1.6695819890750196
-14.67109500219365 0.8594383187969974
-12.804819534793669 0.8750147867347453
-12.762850074394825 2.518939907115519
-14.558356633948547 0.9003104198083841
-12.20909416775503 -0.017094030232012614
-14.38734172995333 0.15742343604432085
-13.16037957438381 -0.16669197538615166
-15.022469290183148 1.7291825807083825
-12.584644145643 1.4296053952875698
-13.970928535666697 2.4496024358100694
-14.359238686902183 0.7070489326970277
-14.313475382581387 0.6989740363163601
-11.338382855385307 0.9674021310409225
-12.43582417202954 1.1373028533513359
-13.567024958868506 0.7647952716285833
-13.264866700485012 0.8456304852882046
-12.863334992061793 -0.02417062769901357
-12.574137889570682 2.2999005154513035
-11.966730731290959 1.7333302026999173
-13.08121159112497 1.7225170335615123
-12.004226632425205 0.46371254034502124
-12.945193545849817 0.5237524743813669
-14.49762507076889 0.4550488131341006
-13.617475117570244 -1.0171915454864435
-13.581931692234987 -0.0007036443585239915
-12.681489633021041 0.4575908929304958
-13.33965649996438 1.5454236868534177
-13.841106305150586 2.585105143250181
-14.064602962081283 0.7965136771317166
-13.787576843068848 0.764387859191228
-12.914544800102776 0.1422903353717715
-13.019178115760683 -1.2438522090079265
-11.19087476364713 1.7239393387990987
-13.167789080280636 0.5729950401442454
-12.072738491637768 1.074833463154328
-14.416041610549934 1.3149803672274505
-13.448214234088606 1.2254249335763672
-13.878705921672484 0.842413623282364
-13.10856845250702 1.8913519919602906
-13.670305674063817 -0.17888471500532643
-11.896030219148447 1.44077264676324
-14.092070277062552 1.3745752251648777
-11.339896490592974 0.3909853006251933
-13.07850362037152 0.824534066754153
-12.084014905137836 1.8463123486991933
-14.15363895783239 3.4730540742827096
-13.838293160973125 2.206339993934752
-13.225233708868346 -0.194743153338944
-15.556521525611068 -0.5625244784644606
-13.785217220788763 0.24151288696190198
-12.9569231351807 1.4969081684188867
-13.56118049989809 3.1024415740363818
-12.45100563897789 2.5296248386464026
-15.20374786629022 -0.26872599638923933
-14.118401511104684 -1.0551272539151961
-13.338087634286735 0.5174987237276365
-13.792479540225449 1.4353489654397102
-13.312987840778485 1.1256259780475513
-14.277116998983388 1.9468685574481732
-13.437657994797426 2.6258989447698897
-12.91339885987898 0.20655967186465973
-13.329446542431743 0.38999668165602797
-13.467451928074595 1.4007006795651078
-13.220691247183115 1.363810844133792
-13.411861853247009 0.5554011245946485
-14.187562351637824 0.5449591739975006
-12.710978235937095 -0.21293289760984202
-12.514412284136 2.3042775501798403
-13.781600178409187 1.44503765077528
-12.268231298785953 0.03742352676717864
-11.990978547670071 -0.570451068856851
-14.640444194646234 -0.05308015643296393
-12.940291256139696 0.9470515979633931
-13.512741655759177 0.4418878217381018
-12.319044695679601 0.4808988198828988
-13.230326540991395 0.1334316262475438
-13.838313469449394 0.7979398037409173
-12.656305085270397 0.8740759676051402
-12.1545327932304 -0.5556584650297728
-11.907828148035069 2.2229932264754844
-13.597278846498295 0.8042885127664472
-13.450290335896847 0.01147316774380791
-12.730153210202063 2.3705634273103318
-14.730122431522492 -0.038857569425063576
-13.245624334364718 1.050270775102744
-12.421761232849445 1.6741791515102045
-14.605473514384528 2.0389310717049893
-13.348067702805317 0.4285612413201124
-13.285426180251266 1.4084625334818361
-14.154638586907163 -0.19663857497888004
-14.510238197373472 -0.35903184111214215
-13.47343438869734 1.0723498784374466
-12.35088017996633 2.4803716992461964
-12.872958799964842 1.889326618097869
-15.207053381960124 0.6910193333973078
-12.537894276954914 1.5757586594281516
-13.321420385136484 0.8282352137835831
-12.720154138359273 1.6713459259474606
-15.215451148160744 1.048136170905522
-11.503814730122631 1.6876770095133442
-13.472393819857919 -0.21931476562825358
-12.264883428603637 0.38802953561317277
-13.355431415291651 0.11273016162661564
-14.88224888530005 0.8681317278838325
-15.147062521508795 2.1867004245963377
-13.0781107149937 3.5704874822085433
-13.655986836329614 1.4706202976244969
-11.364037003900503 0.8643633465034242
-13.945015408466896 0.5108579916578537
-11.827542856473954 -0.7949971203234071
-12.787355693384473 0.8460800904635564
-11.968781530555853 -0.10463670003927772
-15.965945039372475 1.004321218464752
-13.492919593037266 0.10248583470272288
-14.673781024076348 0.904168313260835
-14.118093322713433 0.5138436425904651
-13.070510464698092 1.8951340960681229
-11.3938988022899 0.304159905770803
-13.866477651527696 0.8543408182177327
-14.74652859677678 1.9532017193172035
-13.343456907714648 1.2166433992119927
-13.67759151214717 1.142370587526357
-11.618507283424584 2.6164861218830877
-12.302935378347703 -0.3286685710018663
-11.891147400982664 0.028410065444610555
-13.548095717101724 0.9448074859120936
-12.851724728146307 1.3144807510953715
-13.432740148036649 -0.36256433280825673
-11.511753300912256 0.8982835328944889
-13.47355433674765 1.067859726530972
-12.421318851265216 1.9592473728745716
-11.710973858477299 -0.16355374124699107
-12.866808331836843 2.4939543487571183
-13.305027127788769 0.8182115190210845
-13.003230354507592 1.1197793914349163
-13.821146437264444 -0.5280570794055516
-11.398920864657235 1.4744486065074243
-11.714095821404193 1.3003780871257429
-14.13713781747182 0.5737397561652207
-12.165138487031875 1.1674299069484688
-13.587695951827563 -0.37178158036987863
-14.076828096794987 3.081771897962779
-14.359603967827676 -0.2211744617426633
-11.893518507854617 1.0282342183758966
-13.470051303448992 1.6245288951885144
-12.619651388998935 -1.2885578384655711
-11.183364208092964 -0.5400450674577332
-14.018303627028946 -0.05579382409304923
-13.546342780434554 0.8758390251814169
-14.098283633267501 2.844483442921439
-15.25159165691594 0.35164524335947656
-15.330451544620088 1.92154932617986
-14.458742457341407 0.5704325788547913
-13.327676187618142 1.7553874081364529
-13.531215956464722 -0.4923093320473487
-12.225503865430747 1.7148399299570445
-13.050280613408514 0.8010575466555396
-11.224712094384898 1.8826041428286167
-12.839874192946365 1.7762763534820452
-13.86369663586894 -0.10119390236547099
-11.967718651773326 0.9927850487316221
-13.45448313942054 1.5692678739430992
-14.835347138431409 0.4240060638230291
-14.373146528169364 0.6915796768967457
-12.312555747799713 3.339334298422893
-11.194120766196871 1.8045288077372494
-12.544014274023667 1.8907917686632911
-13.29145305756461 1.1281628153153729
-13.534391924815864 1.8438419701356088
-13.76024984538346 1.541437705563229
-11.942051834432315 -0.2848700041304292
-10.611548796969286 -0.4639721972904217
-12.782710753224787 -0.5122804064549084
-12.360290934463887 3.3000147583290724
-15.17023773616641 0.7660635683814428
-13.948786662390859 0.9237543577254169
-12.151644170153066 0.6648592889602333
-15.79667472314466 -0.4480556994264334
-14.379132158115187 2.144231316541061
-12.949720935460926 2.575084554946325
-13.402599429718848 2.654086001268508
-13.774302322428202 2.4748545527944668
-14.628101679293586 0.826609245005117
-13.42329692747376 -0.1666724518403161
-13.67388816577536 -0.28172282601964393
-14.055970438131304 1.7136710689464443
-13.256576822838017 0.6631175608794455
-13.384895551798971 1.6318622307590904
-12.516382604564582 1.3408738049269346
-13.209861324182926 1.9848287163121725
-13.842961396171106 1.7591420495008971
-14.28396527808193 -2.0050541631465624
-12.826281075936263 1.2752816348251406
-11.629840640197877 0.39366009162831583
-13.386308683987684 1.748595528960593
-14.305148669753939 0.5528439573935909
-13.225114559088263 3.110291355852911
-13.610091290265352 2.070747314349201
-12.628146747744186 0.6999668043305324
-14.39599667512118 1.9896564238694192
-12.52463986107226 2.033805493892362
-14.541127426185483 1.1133701839283352
-14.194544054854347 0.7395270755504182
-11.540056306937684 1.9805031369169028
-13.464412618178628 1.1782038471456142
-11.776062221379302 -0.46302274737978333
-12.560428488012308 1.3766648729531916
-13.943975196672001 2.337041735595975
-12.916887413072745 -0.4559256884175943
-14.277750943393949 -0.2954304685331214
-13.008900985242649 1.0999923191707206
-13.699071912523296 -0.6846214348958489
-14.020815956770466 0.6108059685644308
-12.831393641169242 2.3221497117975676
-12.738639315121425 -0.07637944385545514
-12.121249513449262 0.3586795475658978
-14.748141115399697 -0.6828541490635157
-13.35449952040662 2.076071161628588
-13.620074997626395 0.8586013623080219
-13.982928112900856 0.22759830506200385
-13.521052077559494 1.320264812777567
-11.305785653642154 3.1990574825054483
-14.251737628056095 1.0917606803010198
-12.07846350205198 1.028657747389923
-13.7331823536103 0.2648024885441371
-14.156834811575507 3.291754319057946
-12.714080159797872 2.2839006749187787
-12.202238493678857 0.9816073211685954
-15.738242388849645 1.8624229198483024
-13.604848491968873 -0.27098622117439153
-12.862523553516013 -0.42946276500919633
-12.675076336464212 2.1226632400977388
-12.356055157887324 -0.0630307773301807
-11.800212139502909 -0.5354723339223827
-13.575115466652408 2.9349884665425154
-14.187888356625033 1.0875325482617224
-13.555911188697026 0.055354406333885
-13.884414878662046 1.6408821788574572
-12.541400338681282 1.1790030272476366
-12.678366062575435 2.9182488927715724
-12.530710793458132 0.7505024570680374
-11.887484612128986 0.07800111875953308
-12.717199811641256 0.8702572229900624
-11.307007615308175 1.366083740897664
-14.283332314900747 1.1243672768775768
-13.242804132763913 0.27331569792229526
-13.42437827853917 0.9203860425814806
-14.017060803468109 0.1670594623061793
-13.550103883397563 1.3381293123110165
-12.978126707566098 -0.21692631269694196
-11.882454966446616 2.159847675868862
-13.348015480945804 0.2275463816480271
-11.828721058996372 -0.005867058624316468
-13.165095066452984 -0.0855303873327985
-12.225600856632433 0.045475868056337965
-13.782852749936092 2.8064342816792243
-15.136052425689577 0.8724210487618292
-12.947089511702234 -1.5305613719211206
-13.312149845657222 0.724498983276687
-13.53777163736033 2.2704006986410135
-12.974077670605867 1.4619014256665255
-14.327830725468408 0.5188028452931023
-13.958270200612507 0.6709154241425281
-14.093237050752208 -0.6495956603176977
-14.585197982358919 1.1725583511837745
-12.933378693496275 -0.5111212560687463
-12.88028857132166 1.2036947371985711
-12.995180820782222 -0.3520668277960749
-11.764476474774053 2.209004316854189
-13.79954663008416 2.0520126860603254
-12.065539821687539 1.6527968393477703
-13.401081863648944 -0.17438690683429192
-13.402460142828794 -0.3098708022673432
-15.021192533185019 -0.02844565328683224
-13.9019634665208 0.43816933293329074
-14.322937414281695 2.0586731145228168
-12.371853944844299 0.2010926755476078
-12.86423202778677 1.540953024291262
-12.37237742868906 0.9265928953151201
-11.787612653287495 0.649940111329063
-12.625733273821677 0.9630044992462578
-12.70066442149315 0.5864120229672654
-11.237616640926358 -0.46398181927547977
-14.301764156434059 1.243982131773794
-13.75945335665304 0.7131034072369915
-11.989059167147424 1.9438699782263287
-13.671561640173827 1.9072862737708984
-13.474066078830338 2.23970680833993
-13.284672056136717 0.9024500208776788
-13.343487789756184 0.4305760468671356
-11.62927679816719 1.659380676646252
-12.797146448697362 0.533494455295453
-14.803309046126373 0.07171562077383387
-13.878536808399959 0.2798830137109437
-14.388076650493797 0.4514448330654721
-14.030457748628907 2.0103627084171354
-12.975151600772723 0.6202593814057089
-13.764469909042157 0.9677605293947853
-12.936571054548676 0.8864513456741462
-14.156891082751494 2.5222257601126454
-13.281441629319987 1.7611690563945128
-11.817386370009903 1.6351163087775684
-13.543027033330027 2.1506852858687178
-13.86774273408418 0.05388948004921745
-14.301804116868077 0.1901893346803848
-13.609567924259723 -1.0371606503806952
-12.766606079953998 1.9963808934505338
-14.050736460115399 1.3682878595324603
-13.641552570875655 -0.8958616598497074
-12.46816213992134 0.15471658597839388
-12.615871134741463 2.137179832297156
-12.906733181877192 0.7110654081528055
-12.281804119491623 0.4785728478806773
-14.367998529425654 0.5715432873833126
-13.333069365741633 1.1955709094001477
-12.499258031943215 0.6537972934604822
-11.552525377489655 -0.8801185299406135
-14.5874957199847 1.3055802831572412
-12.801884552136617 2.747913986057587
-11.852499771614 3.878135451952804
-14.20813197627758 1.08781242656605
-13.534886794634275 1.3367206127964313
-14.8449732838603 0.7316400832578782
-11.796094565251128 2.2423083305102876
-13.141867768027478 0.8318889544842083
-13.954627950823346 0.9138258386923038
-12.922300420317752 -0.10778569428633855
-13.46783481440782 0.14824253151973366
-11.493007255105457 4.170113899237001
-12.936842368085191 -0.21766155143472188
-12.748871646863822 1.1998191476303954
-14.069948589893013 1.5977952953511205
-15.273713930279756 0.9221276551683024
-12.92453078798129 0.9808976573572671
-15.229830871205564 1.382160608522027
-13.030326221658255 1.0120668572594922
-11.833397570823282 -0.042694934508834326
-13.976963941090226 1.1967255508782213
-12.280951213901051 1.7648312818770173
-13.232523118103614 0.7976215678100776
-13.303837995301276 -0.9431031772761037
-12.570637024984437 1.1539834087938277
-12.585653663826475 2.2269026369172304
-12.831158714994292 0.11844923621127634
-14.459317406363375 1.4359724653998265
-13.235940500709436 -1.1573850837047086
-11.491742922010408 1.7521726047578474
-11.745517439978244 2.046015784296386
-13.916971402368427 2.0134613761500058
-14.673633309968077 1.8483072262564084
-13.253626082443603 0.8978938992331961
-15.211684590347884 -0.7732507932456466
-13.779112761708387 2.203263008653782
-12.79166291963786 1.9598406093668501
-14.179397650474737 0.4446009185849088
-13.816201869834961 1.2631632747258057
-14.551490180061883 0.011550805102223727
-12.961005302111746 2.2947808332314446
-13.151744871517872 1.5250022521443038
-13.553099719931447 2.916322794430244
-13.379982238775378 1.9298892075375373
-13.487984703429127 2.3161657586305715
-13.102641980098854 0.03891118396696014
-13.461191395151722 0.44316519313772834
-14.076252683192823 -0.11953079529756672
-15.216145359850344 0.8430808870081339
-13.83030510854144 2.233320362144257
-13.07180238102739 2.6079488598220224
-12.51166843536888 1.7937126152807843
-13.90944971504517 0.3538799387260574
-13.00721104375064 2.3786488187372674
-13.420286818424561 1.0233474793123178
-13.024666742729805 -0.15254700804451093
-14.336774427186654 1.890324385985454
-11.964286877028536 0.3769741079383172
-12.736780389570473 1.3411773749984706
-14.06850512344072 0.45093417856455
-13.675788604766113 0.2929774554965494
-12.72371058165517 0.20931295563299435
-13.808140073899054 -0.04607089889540672
-16.084855715853177 2.5069467878745617
-12.155883782052436 1.3179399913487975
-11.750603394411893 0.6810074372632495
-11.475942901399648 2.141147803590976
-13.976287015356226 -0.4140729506413797
-15.66314989404533 -1.2801403887454978
-14.811821625894371 0.6993432304327435
-14.939026913894931 0.4912278482432126
-12.784683051769976 1.7472449635022256
-14.357103623508047 0.2171955981635708
-13.314438075306708 -1.033204577944327
-13.440217008341277 0.927073802560617
-12.215667991960718 -0.6496266905061235
-13.527027685250246 1.4905061480323
-13.9616319569742 1.0719455755013114
-13.89519024635344 -1.2254779231949868
-12.693497964881734 -0.3048399486993757
-5.0453409452053455 2.9337330882011883
-4.148406242024094 2.221928967072083
-3.4320947664830435 5.627903820189656
-4.453017670637086 0.9242122179297656
-3.492362272478519 2.6665765476099286
-5.422873998222788 2.010320601444438
-5.392417606242972 2.369827131783785
-5.004458859956159 3.0944642679484917
-4.8394373244051385 2.9067257786953546
-3.50388831947193 2.84491738326113
-5.491554447677963 4.109983347436223
-3.8138251046150446 2.1831811477278986
-4.865779300649571 2.6459743029908616
-5.026393332788811 4.6153005915069985
-5.324586073367188 4.040573193727642
-4.768731388624685 4.5714695355535255
-5.290314030233107 3.3462804145626786
-4.563006585008422 2.948660446091149
-3.2278503639070326 3.9824948212921005
-3.7830623253881224 1.5705108293232755
-5.467928166438863 3.12874280419251
-4.473497474770896 3.355622664964657
-5.1200871952923155 2.8847194956884774
-5.140815349818769 2.9773474685107963
-4.718977367505718 2.757398429539053
-4.172610337155807 3.4808877842701476
-5.067152351722912 2.7614397203641445
-3.9337526908835256 3.1724498047997125
-5.071151043297297 6.740045277470482
-3.7633654007472717 2.757676473259777
-3.0356287093686367 4.5109742358870815
-5.3350855499940515 4.354691396542865
-4.755830783930313 5.068368064545532
-4.206003930531214 2.998503523430564
-5.090432182947582 3.1412662644930145
-5.3730398141582025 1.1159289144231894
-4.880182683554176 0.7802257539591144
-4.884360935481501 3.668979461566334
-3.9427030439610493 2.810320848202369
-4.118077113092587 3.231805615256569
-3.9234873984718632 3.854826630312678
-5.641414745069772 2.287104332030042
-5.5225120303418755 2.3067368876921126
-3.9247872229889973 2.9050175383630985
-3.606628677234533 3.1635652999825172
-7.032410591147584 2.249931480625728
-4.54319364741452 1.767074979559976
-5.065300601317551 2.805072367116444
-4.241993865427399 4.5767079453612824
-3.866565973812981 2.7251997194119912
-6.88631161965927 3.136858491990472
-3.928540257194902 4.138469453077049
-4.4498467173246095 3.3254823459758356
-5.680509541000012 2.8308103568086644
-6.385201033593688 3.5516573508013756
-5.455749326334209 3.944719411559985
-5.793892096648694 2.27345157655446
-4.524302797554364 2.938980401793558
-5.192098142275383 2.3840605600466684
-3.7407329342824758 3.2135829464834766
-6.820828533293243 4.427821452151942
-5.268762600256271 4.101588882643406
-5.044090619164862 2.471228959641188
-6.602135866393153 1.693040531555722
-5.116334146304408 3.226864646112904
-4.435451206907057 3.6871610608388368
-3.845408709742827 4.397995018100959
-4.163391281455035 3.678513964321877
-6.693453597221376 2.94804224695455
-5.843740298789527 1.6674926580721805
-4.29259659988134 5.105017221924244
-4.036525899403151 1.9535453481728304
-3.0407393344031224 4.309268496114942
-5.545514699914451 3.8033665782749133
-4.735589781108679 4.973267679836049
-4.2064537641049045 1.7119007899344103
-3.5237109584620683 3.836625006037817
-5.283407091433229 4.372496229935084
-5.940815188804685 3.1601701429259474
-4.868148620792564 5.01976689374543
-5.36655025505233 3.920183244532914
-6.251510272444467 2.0619691044114097
-6.4149345268543705 3.2437805038173657
-3.9480745583802923 3.09215772896552
-4.981388498207966 2.4764205332594935
-4.614589374632636 2.430829986756442
-3.6946127916595817 4.571291896076432
-3.1269317677572337 4.008499233133976
-5.4643158490667645 3.7863352040940663
-3.700993889843052 2.378394985959722
-5.304539815274808 3.3096413649787784
-4.637000905865783 2.4892536261650555
-3.8563267784079436 3.0855578706881253
-4.469390631762362 1.4837573337393903
-3.9923048387977804 2.9031508453905612
-5.160957507712109 4.584434008168256
-5.097832711938067 3.4485936823519174
-4.437025438786561 2.1454190039158227
-5.403475218648483 4.561437684672061
-5.446192042197286 1.5422642657762047
-4.024888423685046 3.2456817779506206
-5.834908321372215 2.3087176785532892
-3.6520006971022774 3.025436760549314
-4.680999301332599 3.629275422918226
-4.875006725562192 0.9192784176851321
-4.848067798552879 2.1311891346443197
-4.289390411425323 2.6835182926637318
-2.895926592149036 2.8607494119399473
-3.1353755075147762 3.4369430875679288
-5.548263292447304 3.615118143376435
-3.5848138307351696 3.70751458811169
-4.849555680723281 2.5039049668906928
-4.91840883713689 4.345111635622208
-3.514929209555392 4.14179655090301
-4.417390591695422 2.3920389078159663
-4.149662031624196 2.210969965898948
-3.814423105947705 5.2515046987417495
-6.040778417848434 3.5825364624570075
-4.330264307463012 4.651969921028483
-3.4420951350425444 1.919691727297691
-6.776648551860034 2.565231999155854
-3.315379438706086 2.908384166815106
-4.644893575959976 2.212477291167052
-3.200699537929256 2.317829031998402
-3.9866686683372916 0.7095789508816588
-3.72681127768009 1.9745763578740316
-3.7772153835081768 2.0252887085353426
-4.361295250955153 2.991830531481482
-4.277673730919701 4.729987266837617
-4.123327163835569 4.808654507744495
-3.9471470670810334 2.6453792763244723
-6.21805103916325 1.1570491797196585
-5.357846069542217 4.682632623479553
-5.329879287420733 3.7437243792842185
-6.065538310278419 1.7036183360912194
-6.174415642982387 4.407060436775165
-4.368991647162928 4.809477011423991
-5.628365362359013 2.629376492537475
-4.426037254680096 4.234830656193691
-2.812347340527716 3.338238679967276
-4.882786957699673 4.163947453505239
-4.003573585925305 3.481059906459946
-5.977712079316982 3.6037321216494087
-5.243167725021482 3.5156869334972547
-4.01861524417113 4.944102787262479
-4.197447050965757 3.906200655729786
-3.304885626645928 3.5594405054593996
-5.65994694244502 2.278852478884745
-7.103610447853421 3.999949568044458
-3.6757210229771022 2.72442300026674
-5.356942281839559 3.8286774648321407
-2.579609381189325 2.6973190103320133
-5.412501544696468 4.272370282578382
-3.88665595045035 3.9393001884460386
-4.90210142842646 2.574939817561702
-6.261038347151091 3.153975302869548
-5.3307786151493755 2.208696480200554
-4.0180998939725185 3.5569028101616698
-5.228413687963035 2.364161537877881
-4.457358197868567 3.8116486972331174
-3.5396190876764972 4.513032981452953
-3.549696267800598 1.7560264731916935
-4.362447359211019 3.374044647934831
-4.39586324956268 2.502410668058208
-5.230234602693237 5.0116836393241115
-6.124039203860722 3.8454161220446084
-6.02880556452043 3.638428121635081
-4.122088543092188 4.271925572784181
-3.53895851727618 2.6835519704366755
-4.553124691025379 3.367946086724344
-5.919676028591892 1.365679813725461
-4.344626286216544 2.564520313302072
-4.285632181701347 4.057675819054664
-3.393773159384482 3.962164086167742
-4.616944656646912 3.016655707317491
-5.460549630270258 3.176082425804317
-4.5862645406392275 3.045156777033342
-3.4756070152728182 3.510149662674886
-5.89213334444249 2.575492854422511
-4.778543157178947 1.5230948517288059
-4.800434512420242 3.7374105909231075
-6.602458296070448 2.834588283760436
-6.340759203532741 3.670615575720896
-3.494946439503839 3.1721835337815985
-4.919963905668465 2.89411037853884
-4.451501278726965 4.601008379746159
-3.4021669888541695 4.057172514681259
-3.620739770587698 3.5840596438163765
-4.087341826964978 4.348543598926837
-4.9556669468857635 4.040419466075022
-3.980074250353437 2.6499023105431854
-5.07225912327635 1.5849568035676986
-3.3677277443734672 2.852745896497038
-5.004414337159776 2.1363796915361717
-5.896071839658826 2.0096979286124217
-5.513990091284201 2.0753373397719326
-4.565456983805614 2.3971790819973826
-2.445967882484544 4.470907529955367
-5.60814298170832 2.4176882859056006
-3.8067146125486158 2.8502580348403477
-4.955374209135206 2.4474479745148994
-4.93539232905068 3.882904031412131
-5.297111352472993 1.9629734847397247
-6.104022963422075 4.578066937646651
-5.893884096281335 2.4899434933392763
-4.782827864724885 3.9438280082900796
-5.946503338855358 2.9070223547217613
-3.7949401678489805 4.431211652150552
-3.941709983833576 3.4250176858235273
-4.3779495738366485 2.4792589961846403
-5.329346800492855 3.985595819323156
-5.188884035408763 3.6035390339481306
-6.420526620225124 1.4559570552624759
-5.886999203900204 2.8292020499334223
-4.378886840901268 2.654086938369315
-5.1840669840694416 3.89971299316412
-3.550520094947456 3.7092303856549593
-5.50067009830511 5.360377182050726
-3.9982671372762497 1.4452878359501853
-4.965722596368938 1.732029739018712
-4.390170733985044 4.188922590943695
-3.0862614923670324 2.584929187802111
-3.4825172124869326 3.230363692114291
-5.3533002444133295 2.0603956753624066
-4.826253412934711 5.500808872871195
-4.358749939461216 2.663096818547858
-6.128093417990298 3.0793084570154914
-5.665418114105969 2.653462292410839
-6.386791420236855 2.6635233752771796
-5.2404473915224825 3.825580355175497
-5.173703524713019 2.5798216563168026
-4.272728667974821 1.8357762144825733
-6.140162744862969 3.1004693724767924
-4.25312249863384 5.620251199068099
-4.239466325353219 4.181130734249853
-5.180226972170989 2.7340044982494667
-4.225564985684608 4.308011296451387
-3.1442713926973047 4.043283850719909
-5.224524301993621 3.998684565546474
-4.287480955343801 4.628016043823237
-4.517343201296923 1.3669247466265613
-4.757753440517501 4.137758326256725
-4.848977466704109 3.0421934477939816
-4.872703143210448 3.5771794788881763
-4.702304195085634 4.396642112291597
-4.116364180491151 3.8122153922155966
-3.939483425195764 3.3122723203691713
-3.908938247351061 1.2174742127380886
-3.4804547369933427 2.796663603068634
-4.292198560509526 2.2818278824856923
-6.221035903397802 3.9096662521823946
-5.2213457302722786 3.110331517199346
-3.0706422348245437 3.6018653514734105
-4.534833387624559 3.378271197633517
-5.158325006075203 3.2867705285247837
-3.961973788549537 4.021088182634413
-3.621313158716802 3.7338097838333777
-5.965981373766029 2.498437554235329
-3.871497507501387 2.245134772925186
-4.446849474428799 3.7273122002198216
-6.808237655592636 4.2214009472326754
-4.810872859900354 1.5255713923203476
-4.368856548371413 4.172162159770821
-3.6147234608480083 2.9761989069008723
-4.14238882544013 3.824822346745663
-5.573730504576565 3.8837095167918045
-3.280397593080834 2.4718001132747878
-3.152732007604551 3.8871164739906945
-3.6506101861700766 3.232455151488021
-3.881281697879245 2.5709536242492232
-4.310019774882402 3.241422742434607
-4.916523699047848 3.698871789670525
-3.536783657390962 4.39767242770615
-4.197293030152002 4.252237668505602
-5.475746084491843 2.104807367080954
-4.330547491909579 4.519022080318221
-6.06343379136103 2.6108567478183775
-5.811268518792035 2.1490833710211823
-3.048412022326546 1.7353963210985441
-3.2840423272795025 4.085752408314973
-5.0847047207592215 4.584783699570204
-4.6193812276954995 2.6195962533598385
-4.151182937246602 4.734870623838659
-3.4993226111125635 4.788625750734311
-3.735723691766616 2.7496938404135762
-5.140795931160256 3.5814038694641166
-4.380157419328186 2.031640763465078
-5.700786955974481 4.005982065066814
-4.537902967623513 2.6434614523500035
-3.188606385232604 2.214850153678946
-3.829387835561332 3.0060707659911796
-6.423257216036038 3.893030541915688
-3.6317234755755394 2.5205145211700835
-5.139541853590877 3.3681541744678887
-5.0028965686597076 2.830636214450511
-3.992637659687911 3.0281096315249747
-4.638909063915864 4.4491759222156055
-4.05509161216792 2.7871528475958818
-6.372873694156118 3.1109617541506447
-5.186565283125541 0.683745856388279
-4.879274599454741 2.324752489843291
-4.874513433072149 2.3185959459826124
-3.811425007689765 4.346909274693597
-4.379850383790442 2.914046620435472
-4.886101448187258 1.453459527998698
-4.730739145394713 3.814583377588977
-4.560066728759201 2.2065466455271583
-3.7323637472313664 2.6930762925283265
-4.9009465433829735 4.867272577328449
-5.059094293584641 3.36110244197018
-4.274725466736771 3.506589140381768
-5.141864184167496 2.74560959221112
-5.15617793529675 2.5029854707271593
-3.84317752490776 4.337679729279603
-6.064762526748133 3.6801004158004824
-3.8253497428190855 2.7661451400953223
-6.903471492071382 3.1773099673851366
-3.3408699809795315 4.305391018783428
-4.096091026747998 2.3346938799758234
-5.643429687213862 4.375409742864308
-5.35071794569245 3.8970574260881903
-6.238263972254918 4.184530396599627
-3.6134559527765093 3.8022219615146953
-5.742308330378432 2.4400627506771673
-5.389684863337584 3.9846941581815956
-4.427129198102985 4.625778617524333
-4.386415306085081 4.3096968752761615
-5.445490311907782 3.962804982730909
-3.8779892344891485 5.01606828588548
-3.907518071852743 3.1485488754807123
-4.827199556110277 5.274680062469649
-5.38065178504616 3.581913438385224
-5.598496197333219 2.2183553606448054
-2.9595796447493674 3.626660905573793
-4.757449627093934 4.319059018830594
-4.287952517876148 3.212156482671372
-3.515933905366862 4.112702251570621
-4.782402515127279 2.2808934864458705
-5.752031553284207 2.7144460171662077
-4.3999074433946515 5.17896584845609
-3.0820499504486927 3.920585681718217
-2.966004261876944 3.3434620830292134
-3.121385438320851 3.3545224007882513
-4.769742582640868 4.057149279797135
-4.999166541068657 3.7479360901610654
-5.372029228777612 4.436231481564942
-4.095219387795044 3.391926061612462
-6.16053850025574 3.228023122753619
-4.495748843714124 3.982656429142273
-6.855529874208038 4.253630084807691
-4.884364761593517 2.8780162149498834
-5.355498322059693 2.180061830778185
-6.82156090698634 2.823865803414579
-4.3147197573256495 2.7813203619974307
-6.118671604676894 2.2461566077499175
-3.6950759189921425 5.481593524932018
-3.2153322848085084 2.2665914538122958
-4.868892572436563 4.612790088696181
-8.26101889289357 3.6504500929684
-4.441545145576247 3.393285043546554
-6.442186130288505 2.2233780402323458
-5.460666202432816 2.75564559201101
-5.62854831598438 1.8139789163000255
-4.436902153932263 2.452890524404292
-5.48917867226507 2.8336813619356898
-4.151372188186766 2.6845592621294667
-7.21333974680768 1.396592911182873
-4.075799972490987 1.7827761969624283
-2.333203792128631 1.700641498644552
-5.2960790988625375 4.764238386252351
-5.628917290781328 3.098448257812563
-4.580141013649253 3.5161882453866764
-5.22140910687639 2.9479265614316414
-4.487120958900491 3.023613748183317
-6.615408175733399 3.335719493437169
-5.023231624907875 4.0901373756982276
-4.787818651563177 5.592418982166592
-2.0476971532705366 3.4754463652613947
-3.7853207073729918 1.9141654487548578
-3.1070507375714653 3.3912922517663735
-2.6855931030661218 3.395001798167764
-5.58922168804046 4.250784492966046
-3.6971720907061956 1.2015326397118824
-4.732768263134837 2.3062126302740364
-4.435545101505789 2.902252863567304
-5.437353377928077 3.959557310103748
-2.667555070146854 1.1668950364175275
-4.553948976194519 1.6934274061752939
-4.692089136590637 1.2778373870345285
-4.776690009688138 3.4650482358683767
-3.5607342060452867 1.5130245303157444
-5.177464354359338 4.488297431503305
-6.821394811114423 3.0121755839040936
-4.993593105667672 2.87939238565791
-6.255045737984686 5.232482973358699
-3.5440631269949923 2.357778184599705
-4.783956522712877 3.549866076926271
-4.073140791016237 3.4454493751437307
-3.3269214375350327 3.0928113771527466
-3.6535004725672846 3.227630689675269
-4.542691802152575 2.9491883230449485
-6.445630220332377 3.2956852303
-4.065702469766536 3.241637237554618
-7.374849603323091 4.092323009516836
-4.86620440127798 3.2828838649880283
-4.375760230698846 4.69708674103463
-3.5521660915943825 2.665913920427112
-4.133599623406129 0.7822539177702708
-4.039137138877057 5.320446625212131
-5.244387350401796 3.1962852982551038
-5.940241545678682 2.32528555420746
-5.516442288657119 1.8450286537328593
-3.0830766578748423 3.1608567241163876
-4.573049288199905 1.8082364804005335
-4.407290231217042 1.967451995049742
-4.14597310310805 4.527392958930788
-5.144833217994593 1.9851155586685467
-4.8351948302695655 1.935262506245255
-4.651939382456907 2.6066920494310732
-5.597938202549052 2.079827602284577
-3.219367482918214 3.9578979064980677
-4.22041838238915 3.08583402460852
-3.784609458352413 3.461208901142409
-5.111218859272278 3.404579775741328
-4.259733450990362 3.4809512468013475
-4.368761146044773 3.8876855200275626
-4.210185996265554 4.144654880392157
-4.214717098673507 3.5500719009871085
-4.245874394766702 4.847109104610804
-5.786245029074751 4.220172331838711
-3.609963772066231 3.7167537837373628
-6.637664341565834 4.07566683958361
-5.827241508723592 4.746411911364618
-5.3223461129197664 4.0081499530476945
-2.808032961112979 2.2156003706615364
-5.3906413135386035 2.3357648419693944
-3.6660608009635416 3.2083753870457534
-4.542338895227824 2.798597327645983
-4.6602885923307085 4.303041606692273
-5.028222593758248 4.468450587004924
-4.080928080552029 4.574645537679473
-5.161179794516167 3.1924388456984323
-5.5052769028326844 4.37339142041982
-4.905189409101872 5.119670632357978
-4.201887291470892 3.9945483338190932
-5.200233153759377 4.482494097287114
-5.001116228508708 4.511231212591859
-2.5060240836522607 3.796065642977239
-3.188337468863741 4.069780157776233
-5.442190064774342 1.735245325587731
-3.90275141353441 4.585431384214248
-4.008353136064605 3.456103462648895
-2.9702265838702036 3.751611977843546
-4.405354858860755 2.728416132408407
-6.260351299085475 2.397235718063662
-6.370560903232928 2.798153880560291
-1.8633811644480716 3.5835160138352298
-5.589768812789005 3.1919931661251577
-4.776227354843298 4.211126511346516
-5.125377572640192 1.8067443983698748
-3.529420158848965 3.0426925743785134
-5.103104106973298 3.7633269421284963
-5.008879053433178 3.8085965824347365
-5.13004740341072 2.9096568162175984
-4.4436834987800005 2.7100463942580637
-4.702738189559729 1.925513339292554
-3.939876800767542 5.217653178149559
-3.002824408831767 1.9788330492056219
-5.341689969459974 2.680037737829151
-3.025441677641135 2.7118553135106094
-4.41018136966675 4.6250837195787335
-4.776914021460106 3.5597475756265418
-5.545390377466125 4.67003983143978
-5.513895009532355 2.167559455112932
-4.360817302745626 4.27582180674479
-5.449574113964008 2.6478513527909566
-4.965698631632752 4.763361875323331
-5.481384166985366 2.763331646204322
-6.331224526525314 3.8652169641909793
-4.858364424826905 4.0033473782976055
-6.235041298727525 3.3317640825436077
-4.286374382418558 2.597378515398442
-4.426046693912043 1.9485383991549057
-5.320362118640936 3.241929825447455
-5.417284294353349 4.060923965436258
-6.365415589678481 3.1545483762436564
-4.823495745745908 3.691231500913375
-5.419116710450851 4.1014048804684515
-5.0015613447590015 2.135207360174077
-3.0993363246487684 1.2294934691010106
-3.084326312804567 4.182243687393681
-3.8391505629220077 2.6422486740109914
-2.7433587956368974 5.099736345178778
-4.159950851990254 3.9827058458358353
-4.500030497085767 2.715845077349295
-5.832018980807266 3.504547778487099
-5.9021488997227785 3.316227255172596
-4.258343706246283 1.9675625288112208
-4.343216448699147 4.534266104894104
-4.503190758457475 3.8422078019903054
-0.08350692102447344 8.597902229587607
2.321944399061806 5.563448367370717
1.9159717966055925 7.531250700809714
1.7061403166082436 7.201121867130702
3.6761906861284324 8.09485270031434
2.673495234168161 6.305202569574165
2.4817066872023004 6.260243947758663
3.1978534073331923 6.608828908453268
2.659365465889241 6.816778311974217
0.8222444049816746 7.430632975283838
1.6578373637972885 9.023864022958564
1.9263258496896187 7.944615764944585
2.350139577756029 8.192191523272045
3.4565835840721184 7.497092574688075
0.5862123927557268 6.888808450446536
2.8170252988710764 5.6864034051503225
1.9504936897591734 5.688444268603963
3.439238862655484 8.169328371980203
4.231135552517095 8.037903061543897
3.146074494673253 6.26871528006428
2.4161556553445833 7.200000887155953
0.8270685517503702 9.24950121667357
3.494451109846648 3.0820311989126807
3.281587512436852 6.878106382983704
0.12466796236315725 6.946988975375733
3.999345798940994 6.689786074161969
1.351265109688343 7.678101745800373
1.2173656784326412 7.797160896358552
2.488357957378786 8.166674634218035
1.640527667374406 7.458796716634582
2.1279857568362455 7.7927094819966864
3.8256512592734504 8.419786970315679
2.569121411168866 7.176567329980777
3.5647021883519834 7.7873208368332305
2.052841979706465 7.336064748682129
2.1902965232583123 6.55819329896683
2.3789480690010523 6.7870049329051945
1.4724711512363968 5.92766029518971
0.7913335168983882 7.322710712155095
3.7087655410135083 7.6812526493813476
2.071007393781679 7.474805421599825
3.7075676415641383 6.056006532020874
3.2266541238110684 7.766874048947446
2.746904416893499 8.506932273651515
3.1218957768955526 9.077643786884305
3.303241268279093 7.589875846836073
4.468747947791364 8.406732112329397
0.04496475748392825 6.998779911450291
2.4072817981134853 8.351718278096655
2.580551489215377 6.404566991671556
1.5259052565998328 8.26167331310329
1.6737854024850862 5.789786728978225
3.3297110404301486 8.153845618755476
2.352019367335668 7.617389648762407
4.259351046217453 6.963263155865463
2.196972717990399 6.221194292733726
1.384818433500532 5.30129869522011
1.8509054822030202 6.109384285207786
2.5687770218189385 8.629501446492098
2.0454417455208302 7.645453411134436
2.6545971800749237 7.472959128579594
1.7249635301738422 7.141206672412527
1.411872890131717 8.002926330039951
2.2932359106764855 7.228762697452185
1.3046615227073741 6.969216431557167
1.21650509488502 6.370200741759898
1.1898350858176638 6.04788707176413
2.080381803526524 5.799524682595149
1.3923078499294508 8.98134660997242
2.864071594655035 7.121069276685615
1.6914542459187372 5.887439504477374
1.017947591491766 7.537439434708188
0.413252495600418 6.00295217865855
1.5656471242289742 8.411844719528485
2.6651847410396536 8.448025039753714
3.029911055601291 7.353644173987193
3.294853296206676 5.921113462540275
2.050262540840604 7.676931078791152
3.6620487389154768 6.486587303222376
3.845033197622607 7.825106528033986
2.014768511970391 6.595944629466488
2.356223284222898 8.471520222660617
1.8356373476276817 7.086674403795088
2.4077582276580904 5.774454938658783
2.622805092954539 8.786031764951861
1.7993570054457755 8.268386429020486
2.950407077872674 5.810317658927966
2.805396240439953 7.265065188241605
2.7539945532877446 6.345543090677504
0.9003729920369445 8.194658671451224
3.0165139051556746 7.143233602611607
1.8628687179506214 7.477829455639919
1.2838059062157758 6.762679593475211
2.516192363397095 6.670377163721754
0.7365923111464072 8.783655242358812
2.697091029174466 8.188106645404904
2.1243509718120688 6.970241834284255
1.894484850582284 4.814570907608912
3.351956793654356 7.021907290102584
2.8107988430546036 6.100703436009885
3.256518726242815 6.547559166737295
2.965928132985026 6.048641335075411
2.918704331707014 6.473643062755871
1.8581333023764126 5.795378470828137
2.0523942124904013 8.700578964206645
1.0065878591250823 7.071609596000913
1.6705347597007454 5.462801568476607
3.1608522836616517 7.2907585532197965
2.4675268386733906 6.047989447965678
1.944045464627346 7.733510762758951
2.5786412656133124 5.938836754331459
2.1737954473786574 8.034224536143732
0.8176009656749912 6.147704996982473
1.8042151038991807 7.277718056316318
2.959524942546891 8.127060565889359
3.3056215150316732 8.446852614378727
1.4737286856624128 7.694274763455859
2.4909119576358156 7.807875736726852
1.0055248398260923 6.710245235586215
2.256185114541939 6.896471402633166
2.398949504176842 7.242360043775598
2.83670645746923 6.512549659356941
2.9860538672330135 7.36930669071313
1.5912969710401899 7.089530879222557
1.1504990192386717 6.751870391850559
0.7157640377635717 6.250566697007855
2.2677777584787187 8.193493106782867
0.6332564948482589 6.95395650265348
3.129383087850254 6.9250733199566605
0.5547355686099353 7.956318170854991
3.028701672695432 8.839814169581352
0.6130034340882111 7.329415614990991
3.5321838944427215 6.79946944208739
3.59293490135461 7.301835001473432
1.5893807348978348 7.662656583636276
2.8876847862099337 8.180434228209595
0.6239041979241824 7.989821680105886
1.25580058620613 7.374195198134555
2.1791955659712867 7.097501944805086
1.797895299050209 7.068634020459488
2.842209726220291 7.129247904450878
3.0141414477565345 7.974855516406039
2.5477259678410786 9.101540625426745
3.5931929214725917 6.743053880944096
1.0217449611345653 6.921393709242811
0.7718306884971953 5.55676117897751
2.049521809473122 7.126514018033919
2.9751355427032036 6.946295261024137
1.4703800892367713 6.7787948242791805
3.336860972836023 7.283121355949974
2.760541841772052 7.7777923856710105
3.1758058592970384 8.033172797380228
2.721543151834553 7.451613388602591
2.4068377138412522 8.791003738864465
2.6878226807661183 6.069188446587165
2.446785100108019 6.819482334101987
2.7639573703317124 8.492496685430377
-0.0668559915651783 6.459637760760588
2.715600328174634 6.31631449202124
3.092679362984936 6.909822979783707
1.414106123758463 7.5865383148597925
3.2712569205347206 7.490291322200349
1.7164521010480935 5.273530144274675
2.02937817209279 7.31638244961683
1.837037491893935 8.997823711941606
2.592852626063788 7.379983774889921
1.4466907695964806 7.462982503406924
0.22597384795503883 6.741271030355803
1.1229270288554611 7.10479614632826
1.407530906132509 7.427294925306775
2.3758983944108754 6.408216782902711
2.8061200108472253 7.788490329230012
3.015495463619258 8.793985945304758
2.603512291931851 7.9206699768248985
3.1841672637376384 6.326766114094138
3.8134950486168147 7.175044928105525
1.974583923612675 7.369482469869192
4.107051629955544 7.626990063336019
1.4318639696712814 7.438726305702433
4.1783852093136264 6.128144303756091
1.7772497636852496 6.876737599542398
3.399487687145813 6.875051136431546
1.5974427528062378 7.375224031664001
1.1623344187587745 6.598227560338125
1.3701107925521914 7.880706508489148
2.6026846333907216 7.7340330666902055
2.4738189622080826 5.875968461604403
2.4703511661894986 6.2713671813468395
2.618567781913866 7.529338954887563
2.4424166329904713 6.3188892892164645
0.7432784185193997 6.094499917956283
3.1545668242334366 6.836097604321428
1.786641717928269 7.227135552392966
2.0746686287323803 7.534241328769862
1.0703100051916379 6.312068305062136
0.35171409336588133 7.404758815147822
3.389427843480558 6.9494029763684715
1.792146397213724 8.140901565186978
2.1291032573760944 7.200191849635555
2.677763337498104 6.893961032308414
3.2941396678514154 6.630574368441764
3.2754793978350354 7.044561137717642
1.691313583335274 4.8590338569855405
2.206431342156585 8.672488618842236
1.1328962569513081 6.3123704620798735
3.9482079950578646 8.171440001638278
2.0129005373243603 8.80912327746156
2.532206327987178 7.051543158751269
2.2708824575497846 7.943123105449571
4.892575370007613 6.758588253968524
0.09794726907042728 5.868393130964491
2.5561023322510263 5.409973412515285
1.2340759206221215 6.707550628306932
2.2104447059315 7.066391792002497
1.0121937569914217 8.715527313200951
3.2417865297658213 7.424519943336308
3.3153975218876868 8.74126622908011
0.04391200426804742 8.067945845931934
2.747658182723153 7.172171409497572
1.8669116897710376 6.639885750102288
1.6635714703172724 6.673635973187842
2.6208074484666555 6.790449547453223
0.4677135028911581 7.460715267672162
2.7791255837763633 7.377575417216831
2.2193699537158778 6.965462059128927
1.7909996593467532 6.448870447152913
2.2200090474886522 6.438694141866347
1.72822516543655 7.749437467428938
0.9010076196421004 6.927057770744927
2.8544217350416785 7.614821909183953
2.0643786221413714 7.784968801017707
2.3810502744414426 6.866966386815515
1.0518701232122933 6.833964504612365
0.9686245641093247 6.36685806753713
1.0094177569437819 7.990967081465427
4.259612172557629 7.960067635578739
1.0520493924229672 8.304642728567876
1.968164811124098 7.242353298000735
1.588730796960811 6.263727795803378
1.404918327971186 8.037246375781887
1.4776879986013405 6.658756509982813
2.511525111440923 8.205339987509905
2.6417378042647925 6.298276575387427
2.0677221865865896 6.288236616885831
3.095155647880892 4.651633081539479
2.159147920727821 6.638453817460657
3.5100008905922704 6.797891430862408
2.2754414653788926 7.3862102211371825
3.096279641870752 7.2343629279434
3.340482374571648 7.611729826658919
2.0553323855644594 7.79645866312761
1.06846971943902 7.342883414077553
1.3583136866148 5.709412941450389
3.024726405002079 5.4274086287763845
0.22588357133619175 8.729179367707856
2.5681847386231773 6.473421454045319
1.6424435144428515 7.456741190156531
1.179397881347007 6.943326197017171
1.8811006410495281 6.9607221182753225
2.4631882111712633 7.038525179097127
3.431196722918042 9.627983477819836
2.9153071099884142 7.718458044071886
2.5053382812545104 7.445311346173389
1.12609595518102 7.3922674812362485
2.061982692277529 8.196970364559098
0.9456657827041628 6.006578803358652
3.283723972075408 6.433543613276298
3.087900420897897 6.637611314510968
0.7512930810244212 6.981150729592246
3.2695397683615757 6.655289307763707
2.2227035820896095 8.24580956656553
1.5628694015088307 5.220335367621548
1.5870223976734041 7.080071433311358
2.5813736996483336 8.069100509786855
1.5115065099243963 6.622001012320901
2.5097165522801568 6.582901620892201
2.8192074260640774 7.990918124019487
1.0840846308438745 7.575162260232301
3.4662391697377117 8.434045302733466
1.8980139974144095 5.7062492391075255
2.719943628280567 8.222928126017598
2.7378966090413526 7.374071272030806
0.5715291334294037 7.176234705203205
2.506660323134182 8.777501349069174
2.9202866960999563 6.513398634383448
2.9173620432137426 6.72073972717425
2.668466569834709 6.19818662532794
1.6795540654622887 7.521781676143671
2.305320833212236 5.786891432317305
0.3417959278147751 6.601222118321556
2.347927580487887 7.460453683058848
2.32320269312619 7.081898640678912
1.7453029537007092 7.7623730012962
2.174519015786586 8.370621726017381
1.69854615945024 6.421924567911557
1.8131229561145141 7.124203482935817
-0.022117424557907217 4.905932615514028
3.8509572411654593 7.338037835118048
1.401574886172328 7.643735290460469
3.585698209148415 8.20057691084444
1.727107140166977 6.199179174658156
2.9180873513544983 8.589070129763574
2.8115645027764278 6.85019394653705
0.8628001163058361 9.56865750517449
1.9321209990315242 6.685998801198471
1.862584257482706 5.13573634282154
3.4963309363151804 5.7833844490246715
1.315226675281226 4.103713460584573
0.4000045180512657 5.515541288314288
3.3114244324644995 7.111947166432256
3.199584811633685 8.2383630486548
2.6186653749755493 7.181487670131879
1.9635783105405868 7.197527231331365
1.2883735984101126 8.109567700928213
1.0365979811794224 7.17831543481799
1.6585271866829385 5.9429449980388664
1.851059572912072 6.991932693731432
1.9154155097391732 7.01400270826553
2.7439066740736324 8.826565024922079
3.2529199225834207 5.673542124784757
1.8281877919555058 6.451887772423189
2.9259305163609977 7.057986451871491
3.0113646515447297 5.93415584968902
3.284699728925969 6.134651612485104
0.6241588349093306 7.940304313442555
1.310993917365285 6.890146824668136
2.367426822684247 8.046058494451504
2.8131468497027967 6.747168273510141
2.3810791676568104 7.548165240011957
3.0967944584712015 7.814216931062093
1.3854941222264294 7.6207765756954045
1.7653946323229834 5.147278148886697
1.576839486622871 5.689217904313309
3.0865043562597254 7.727500325157325
0.8271360752006893 8.10271285358152
3.6280815400848825 6.618180099154348
0.8450721066329521 5.36638631784405
3.132284117881759 7.625654483577852
1.4716265394359818 7.523940106351332
1.3876567401015647 5.832111914129323
3.2085175807676576 7.014619245412552
1.164831678918935 7.633183566186912
3.6478789366014106 6.443724175302792
2.299068749816999 6.719926079281836
1.9060933291315503 6.044733011642203
1.6915567180047106 6.572588235623281
0.6992627494203696 6.890249992905416
2.0567477908828082 8.11537062292741
1.1861064127567515 6.430090149403221
2.8880138998397675 6.891632478488653
2.2611195705576033 6.572267896294681
1.713931346829054 7.48557262876515
2.5129824414553568 6.553703170637553
3.031095803028847 6.562271917612071
3.1072960725464047 7.184441714817839
1.8869998824811003 7.951964014548789
3.362060483931513 6.42134273743899
1.6669520273209955 5.737574422020613
1.9296629378657921 7.433454145510381
1.9130244663300504 6.205020925827013
3.308902349550585 7.550432173006634
1.4627446801225412 8.624965949856309
3.257791532163508 8.423667543953687
0.8082397861465427 5.989317310151386
1.645921123667599 8.079309439250977
1.1955754191298642 6.453831966709987
2.608278713701247 7.709225955744879
1.6263600710959891 6.98822845847569
2.9231276123078898 5.50443061375087
1.21133628150164 7.3921967743383545
1.486242764290433 8.596186805931117
1.4084120079597562 6.33306420407135
2.422554567932545 6.5605049883786215
2.2820537794788054 5.879446161028882
2.1139656270698004 5.269525182566647
1.348878539994713 7.928229286963976
1.5222300107860167 7.462232144323301
2.157461486526137 6.269972352017572
1.1820957362891076 6.980223197048172
2.6071410294213164 6.980340737363835
3.607819189451381 6.806543014792374
2.585594704406681 6.926588500315315
0.6082349356023304 5.746893854848917
2.561705876081014 7.0492543116200235
2.966058045765987 8.485244530132892
1.6005401769936662 6.997321519354659
1.100447915269085 7.903104551090752
2.803486065434089 7.811399357234018
0.38013833570104616 5.725328629926329
2.8106450164495436 7.054955686021402
2.678217458769804 7.921421549231742
2.9047855685072927 7.753364829131575
3.0288785195044423 7.20704245980141
2.155011946017488 6.7222748332259785
1.9030334076483761 7.286537752155723
0.495536238761523 6.834848107514589
3.344030047870116 8.183778481697917
3.8057208119862933 6.785837436414623
1.2991958624287858 7.917530743029636
0.8059606200785114 7.946401122114791
3.0337132683971415 6.09749456234476
2.8278975454339506 8.562406039623779
3.2699311550404113 6.588661058397369
1.895279842196663 6.360381807780395
1.6520133549773186 7.614249695532183
1.0000430427987281 6.938655814213555
1.1517348053558845 7.199787387715983
1.2152327789239106 7.185256922007596
2.2864644925256523 5.927347826684777
3.21344014729728 6.469113350368641
0.5676316384930733 5.2041559082357995
2.7303237742609086 8.57381826981202
2.5244043916673045 8.777086144095934
2.4183186476237064 7.53168229504207
3.526619674168862 7.093992609132899
1.0455716360769496 7.208853783515682
0.898086997550233 7.333707857607947
0.32579094694126187 7.773602632020331
2.639133037465971 6.240348004133515
1.6495740059640476 7.389717232494271
1.2427381924547323 7.692225014326138
1.1240338242647354 7.4193638948268354
2.1765499640450106 7.181033093603797
4.162010448847138 7.1912350724154575
1.3411984246271986 5.538518012378646
1.4134500812925457 6.936946245055168
0.7917667147674907 8.43016587817777
1.9885586662948609 5.185235849237175
0.9490385385251545 6.626702117990221
1.691773124118114 7.080451296351545
1.6271405886140338 7.088603689492999
1.0526609957604323 9.651407150542333
2.3645006323967523 9.295180952327827
1.1806542220913987 5.426009076594291
2.3823642398435183 7.605207232499993
0.827355029258048 6.494748835560042
2.153324623531676 7.689270914207004
2.172109278192207 7.207133128396243
1.6482247077540908 10.083913601623111
2.032304446642918 6.92273493790082
3.0435930064866197 6.386922290162496
1.7258370739403388 9.010590458008929
2.4866647520716123 6.542431964910243
0.7568575310057304 6.5639988699398035
3.995657132029148 8.184300132272918
1.8219422131292051 8.593616673150008
2.4080227720308907 6.563097572844321
1.0697946707221477 7.6868059218001905
3.599062716606533 6.854689649222636
1.0091707129932477 9.06118429257355
1.5739980681754844 5.315905240632204
2.835328678025529 8.285793891384605
2.5750781227256327 6.407560308591302
3.522906816023115 7.767419988713184
2.8486712092202953 8.993079051381388
0.6441742889162994 6.92233089984511
2.5556767371849056 10.755383538237533
1.4936113828714292 8.324460183656003
1.3079225599252235 5.427391581614794
3.508214534315062 8.018564861325524
0.6166627187284941 8.276459590948129
2.31320478362412 8.482499852099036
3.3848282713610285 4.908684633526586
1.9594387001556122 7.340552208577156
2.1313844088042972 5.484708443361481
2.0736086551796795 8.345065098436951
0.7661044505362595 5.832992034312835
2.095298015212037 5.975024837742145
2.4873122046021394 6.109488004231719
3.201431620584782 7.176037225055036
3.6880932929057284 7.620263671238092
2.9299826798546955 8.024840072820187
2.4618391972357805 6.93146021512443
1.289746713412769 7.854477635702237
1.9039205490546416 6.354935562231998
3.2622560062282995 6.630756252647252
3.66911670981048 5.524982105828375
2.229603535003548 9.060505625654372
0.9489587269072775 7.332428001953486
2.10230175167523 7.228145899942878
2.6403167464940673 5.8545748884582745
3.5004579941626197 8.272995100734049
1.6240196003981056 6.089705672562671
1.671433929362964 7.59337854113049
1.3855425015094927 7.809307758089047
0.9872296663461415 5.835435698234126
2.289103525643728 6.759556045386197
1.738392284640754 7.319408845063798
2.2712459145537656 6.23895830573716
3.174171985083282 8.185743358505507
3.249077908822139 9.857763332812752
2.211197821994378 5.828105706863793
2.3644314784168627 6.4756727928858675
3.5649398950513134 6.97512361003469
1.5814552822444496 6.285610142862337
3.165344283541783 7.845865767877884
2.209543907394412 7.08784906487123
2.4683597309837424 8.011163005424626
1.6992104460374362 8.521112324186257
1.6464753332695823 5.7761707914573694
9.062463075838044 2.619939488124849
9.274715212564894 1.800924086003458
8.441480950743442 2.0242030721998314
7.028059896431186 2.9838961640362585
8.011980590816158 2.4869804547483403
9.524569155806843 2.3649745528778956
8.138862063869286 2.507264200227025
8.949645740229732 0.6572793451921888
9.603148358157068 2.3344942793638537
8.900320212596613 2.57350822963184
8.896946877408098 2.769304807827596
6.485653143494884 1.0254550287554869
8.239079076194185 1.77966200761744
8.836126840913462 2.1606935738269257
7.323658435744255 2.1686907248562
7.731248395509265 0.976679845798732
8.429083639296461 2.140023071219178
9.435743365728229 2.35929534161776
8.591848190863029 2.6984355898965635
8.648159290256668 3.1222035739330893
9.446946704156677 2.7897193064646917
8.602950653779141 0.1659005020081834
8.25231149321438 2.34610818205126
9.620876511269993 1.4201959203493195
9.120450474179869 1.9918519541646729
8.463708211474401 2.663010623416872
7.155864568192165 -0.17026810371820789
9.841795934530161 2.0368450274080425
8.926484429133604 2.0296978019199896
7.0666599474313525 1.9159499097140578
9.04681065873677 3.86918399550766
10.029002715714354 2.090469549599821
7.256120518295384 3.6461552311094074
8.013723364783504 -0.08017354799571796
7.726362377888008 1.3757062157294948
8.170258773868222 2.011923646700666
8.185355239655273 1.745363885262042
8.46959214334372 3.34804119758976
9.629109697999205 3.5981348359073744
9.592212419763921 2.6217755755587815
9.413301264649519 3.4071156738527497
7.820487244366503 1.804661633940564
5.799187045974389 1.9882233843141686
8.825750077824553 3.382393649096026
8.22176856934203 1.6999719016430366
7.181864493343176 2.573952226024235
8.990228270325822 1.3227131679783564
7.722555690777117 1.9480837617550333
9.126492319442923 2.9801473515472603
10.263605175317542 3.451784698086964
8.657240775432442 1.191749442579026
8.206980908171335 2.8966836505468163
7.316433970183656 1.7076349905664285
8.06055360623721 2.5628517119778804
8.036084011407441 1.9433757148007702
8.586200192163625 0.2838268976831919
6.855298982582001 2.9663835256220277
9.108994025751178 0.9242316881603561
8.00696488031325 2.3912220305017566
7.743414192258773 1.278556465340709
8.491326993908956 0.2522380226110583
7.935052169412493 2.1987237128308483
7.417589533541043 3.429339758189365
9.58280105557905 2.4387877722380273
8.160142002496727 0.5661017570888194
8.349839827593206 1.6684790280575563
8.98886504792843 1.4837596998543794
6.790080308295875 0.29546717475021556
7.163113399095394 1.1884687544097083
9.19955701069613 -0.18991784741915074
9.678324647366372 1.4685197401222327
8.066115546296054 1.277991989821186
8.427503070002585 2.93113589059064
8.227733202372503 2.748675278295226
8.637506913087861 1.6452479319847342
7.914390906143691 2.41652844767736
9.377594704552724 2.717971493290472
9.13883325348614 -0.8184062046153118
8.318859741977528 2.1987306787216623
8.613479644398165 2.97029424297089
9.68304167044736 1.2802605534221443
8.826595302676726 3.5053294859239292
7.8616723946352955 0.7290404972073408
9.308847551428194 2.9003799031886404
7.398683204819567 2.2110851128207383
9.0335341544651 2.709572284094694
7.792519352911145 0.6099478353659944
6.451835617199529 2.6782791633370966
7.450359918542741 0.39293368294953934
8.392884181467029 1.4777444337933572
8.259040452769186 1.0234635932918672
8.00889027964122 1.8385162943509756
8.264028726270459 2.994727394011897
7.226349143145357 1.9628161045782242
9.363789079440577 2.4634149655183277
8.535208758938465 3.053127571671123
8.995926952060687 0.5825105645986082
8.59640937168551 0.7668470716991316
7.632206929000034 4.020936936793684
7.776304696705671 1.3941081845087955
7.449417538194507 1.8987669340442934
7.0116604036003665 2.2873499786982197
9.301997664539895 1.5710698827440344
9.059396940995292 1.706674377580089
7.263393577997801 1.923516151774203
7.046445961150262 1.2242622917356818
8.206466517384278 2.697272063652985
7.993978216973092 0.5115404292751748
8.992955161386273 -1.349154836282144
9.11533535361654 0.5443012362937216
10.08832230675592 1.4830083398388672
8.62811303679185 1.3168358406880776
8.258105325960262 2.169301311664682
9.7080161993817 2.0637288116894354
7.994573665184756 2.667288099043228
8.144288549140478 3.2485705477700177
9.430527268204951 2.6112629352887513
7.431440455292725 2.5641621485062873
9.42452690736532 1.0473084010803495
8.848905871512676 1.1660228836989233
10.09925534661135 2.8691111832505496
8.901652069946751 1.5803709593178246
10.202759503146059 3.010332650643789
7.839499014547546 1.91225186131323
6.57882710336887 2.0576194860974804
8.529465054850167 -0.7584251179710866
8.387922632206962 2.4854229503242746
8.48246357371607 2.196999993937766
6.743790852469692 3.4622021269704337
9.015121864026725 1.670425948428289
7.735120532037205 2.520240814848668
9.283030673528495 1.6484860506118482
8.55661297778084 2.366617326396939
8.415876714335768 1.2158126128878872
8.68112928654484 1.6996380728614449
7.471382664136944 3.846789738469381
6.5515143638073825 1.6159103974801554
7.727490235824357 2.8622875782263715
9.357312941318103 2.509403498081177
8.626855714209036 2.396215414789838
10.69672287934026 3.12169050467348
6.707597448031802 1.5608562575722824
7.408446756708908 1.8394368792158062
7.857057319747421 0.862708227128631
7.94380737062986 1.9625182051909913
7.614117886276476 1.221021290242868
8.346350728971668 1.8868579538757917
8.399533468926252 2.0045105455059247
7.7032701702680875 1.659726103159842
8.370117064459993 2.986143650075725
7.59618491444939 2.8374220120685445
9.700091871614863 2.5838158166581335
9.920954056803767 2.6438194313511696
10.331747110619903 0.6982481488313383
8.759951319439919 0.9835734665456954
8.249737008692128 3.462190333595547
8.78388049668057 1.4386095551645361
8.251111974758357 0.8141135907092216
7.180905807697634 3.1481560193509055
10.557883610005572 2.2258460651266296
9.980962240608546 2.8676473828817404
7.669089368840478 1.9774624918338972
9.056745434330123 1.41677719659307
7.8987348324653714 2.266350618655925
8.407389779697855 1.3724013693773875
8.65125322460381 1.5014089978382779
7.5794994980482 3.463276067089586
8.19466104845604 2.0876985669451744
8.145545957885387 1.2383271393282385
10.451742758193346 3.0505583739779105
6.065089650144215 1.3046769023916114
8.696413250011958 2.7639318592617625
8.356144750656846 3.1677790122273244
9.520413316673565 2.711031593463807
9.082560696137561 2.8615787566697413
8.787363135480959 3.219022136122039
7.393606090477817 0.7857589033577577
7.346930029722383 2.620433284856436
9.242956035672474 4.3842122485139505
8.198588703610916 2.6500944558885324
8.115256802599795 3.828058293647431
9.630495333307064 4.18899161922266
7.154040272285272 2.382819452694609
8.098276078786128 2.3050529726731126
7.89050495117556 1.527527648471673
8.941273998190946 1.2155456847474768
8.559733558616202 2.3399401270553
7.184736228241943 2.739831331432049
6.389415807155716 2.032041166844313
9.398218751911688 1.8507504855006174
7.749328377620193 1.4313635034306618
9.409450603113608 2.827963687271775
9.14107169238087 0.8941582905988608
5.962898625677484 3.903428042984742
9.170398512025125 2.016074406640791
9.38390363306118 3.027690072100897
6.78100508763489 1.582655947244782
10.156749410847365 3.026672453368584
9.653246614448475 1.8160954223231305
8.398378289691689 1.7674023271282628
8.388486157767538 1.3960634870684734
9.293661553741316 1.424383827811461
8.35207819103202 1.8806671546228404
7.266109699866919 1.402994660001201
8.819667912301854 1.0431247497594607
8.13742554098525 0.997399427153727
10.008827709585207 1.8858433296128174
10.18938198954639 2.9402377113026423
8.166259462470277 2.0636603912651035
7.530849194237296 2.471239067910824
8.479593533204737 0.6939971013270405
8.13870390269533 2.668268042055852
7.945520877037535 1.7315636832016477
7.271675901610342 2.0620255323456607
8.799745553111192 1.7264764544413604
9.666949800457044 0.8994463280978782
8.561095784430899 4.2753317609248445
7.246569029261769 4.168673162087205
11.03451003535184 1.0588739947701773
8.127470333860996 2.3597216005495993
7.882116589435909 0.3015185401137388
7.353339955553131 1.2136153397101486
8.523081763529197 0.9041660329126779
6.875252602391576 1.2633814582324836
8.661322450885551 1.6756786380936186
8.68951218620872 1.666386571778858
8.239970821645352 2.2625076757510607
8.642841235197755 3.514415944701714
10.33034974844374 2.4394805267548465
8.536675490835972 1.3332880280583816
9.479030957383126 0.048744934507029214
9.549475709394079 1.919086058978902
7.606028429464761 1.4192718175631724
9.996196150608132 1.5028999793513047
8.130370058971124 -0.05928805406748694
8.544297965311895 1.146226143700173
8.298408141582474 3.2531178402824894
8.880337738317317 1.6465378182118595
8.715915595006603 2.847934213413361
8.699654283014503 2.0051739604560903
8.520244935958758 0.742610456656108
8.875665451538417 0.5262980008846776
8.71734216037126 1.560840030868599
10.224359591558896 2.4269692473169706
9.787706553032288 2.5599656092046796
7.045494039723414 2.88355096739496
7.122240367514946 3.1998321543440578
7.3332554982537745 1.587845878273969
8.196812294848824 1.9143860149574388
8.698734799740901 2.6562544899255607
7.744575484159433 4.608485274964121
10.015435812801138 2.38421988530977
8.597910600088172 1.9491895016002558
7.972914877764765 0.7152612565676606
8.93259413401687 2.101520180133483
7.474756863595498 2.823813473211346
7.804947167955523 3.556503110403189
8.230096708281062 2.301159696164009
8.313335010664039 1.438556605695831
8.27617374576555 2.3827570304185954
8.571861436910032 2.381530342790761
10.213173182659641 2.7140438816135544
8.048798928264423 2.9395644842545865
8.971322196861857 2.9424869908262457
9.007060790118517 -0.06876951137505616
6.0433684735027935 2.468295811618341
8.04842839345748 1.9401456351954571
10.233868364126254 2.386475895845945
6.820662823551258 0.4485676765834812
8.678443700964845 2.31311561144456
8.018434009824762 2.4611149604891427
7.606488019143863 2.8515973853161496
10.071281983539834 2.177310111058602
8.049409694405362 1.4155484435107808
8.472212544378644 2.3565861551993126
8.999076948180818 3.252234263599922
6.36022256933299 2.287298442499136
7.950862127689358 2.790739209883429
9.33975665070654 1.552523399918672
7.048173985937576 0.7895223675595793
7.911791764529934 0.49951301065752385
8.496268166463677 2.6326017143059905
8.649187687784792 2.8471667854803284
7.464529027756616 0.6665337912954576
8.101292620048815 1.2618168585835097
7.576646386862337 3.633874342854665
7.602502575916026 2.3853126146206534
7.6751540255825015 2.7036953784228883
9.189570810134503 3.5445543748563058
8.034033672939845 1.0246401085416814
8.197605782854142 2.0993170867591795
6.427981475267702 0.8138193365489483
7.9526204508858624 1.7686437064824205
8.040626050400046 0.9792345165342582
8.010230893113365 3.011388734986702
8.714412209967495 2.026911068548842
8.48748592972873 2.550851375274394
9.00081394779707 0.957468412585283
7.496542316655448 2.441064085900238
8.233515597305997 1.4665575873652354
7.47935739288421 1.8240133068105515
9.238707875296246 2.854201938750939
9.592134807166868 3.0061248507144858
9.60557015902154 1.9082463318507588
9.17637404442114 1.4128547720859013
7.193854916326913 1.3943894968227304
6.962967953372666 0.33609679596520414
7.844166521388168 1.8012221221751754
8.789949730370449 2.8835580650999564
9.571154296801588 1.7145035747740076
8.113678484135919 1.5368235038638536
6.508590308297686 1.4436162714209688
8.37752955638635 2.053707478622671
7.485649241529455 2.1953597957276894
8.613935602038922 1.341357314900757
9.13489167746338 2.5791428842807425
8.803934693795075 1.1645471468381658
8.606902178538633 1.3889910267983783
7.220938453029533 1.8550018170598457
8.36023123041273 2.7238652729018775
7.888582216452046 1.5976732221809427
9.6838861739215 0.7266854697164307
9.963141109802834 3.0055815283641576
8.200779486186999 1.6129758329109967
10.227525417405174 0.684164163162984
9.45715722917447 3.6788173452647337
7.167975620439433 1.4381191683971082
9.044542975048392 3.672001659869753
7.750159970381113 2.2418093034731092
8.171350096904707 2.3352542524538418
8.491255028503723 2.4700344783754167
10.746818890331937 3.0471146172660717
7.243313394920632 2.3896281394593912
10.083047671110622 2.6879062720778966
10.31799867634584 3.079831985253632
10.24714587535493 1.3740837538475994
9.130277003424514 2.1935025991866275
7.4748682623697515 0.032371798969753396
8.694556497526305 2.5810483323031237
9.35583944166387 2.1710185982115826
8.538422072793516 2.0322994392377236
6.675282400387108 1.7945813119850829
7.904107505379478 1.5008395435273378
10.753235763803339 3.3407328899115
7.8179861211305 3.5266720479413354
7.821516308818591 2.2928334768442826
8.6934772434384 2.0863643902273457
7.128090989755311 3.936879617582895
6.801100836791644 0.3298077634555019
8.729446739259402 1.898177294723365
8.49602233391109 1.8503636840592095
9.113934957943044 2.156970664476079
8.210252935290775 1.7809034069599399
8.152431638272997 2.4910121560163643
8.415628148593223 3.145714624034622
9.131801440930769 3.453023916470535
8.934376378929397 3.0496600913234486
7.397763682098799 0.857180450098096
9.047460301830919 2.171808160485244
8.949100674669102 1.5896419120944127
8.078713606355716 3.0259284204932824
8.143624473061593 1.9432233406032626
8.13388571640416 2.3125506348818257
6.93874753481966 0.9419977231070751
9.258565046270036 0.9992501954353217
7.294478994114375 2.38673515950623
6.605922423884874 2.344002637172325
7.725570608341837 2.0280547982616084
8.241270447588024 1.5533127301728706
9.854143988890312 2.9697929487395816
8.904680217611292 2.7490446450287562
8.634193268771682 0.7213203487219715
7.769651720738974 1.7749009291963462
8.080230838240215 0.7775124942437945
8.046356951804347 1.127586728413362
9.489199130431519 2.019970344593841
7.4475213284171815 2.6088699009165284
7.195243284012291 2.072130063809172
8.260517697635189 0.5741856493697028
8.385651601724918 3.6727451872860333
8.708768032260613 1.6641931584301635
7.587392509342797 0.5770761360529568
8.040992167891341 1.778357834206093
9.278777667271711 1.3830885603979404
7.935028313120307 3.828245193111628
10.502184170843524 2.0127135455641296
8.691723841859478 1.550658816164656
9.000335049072591 1.4450327380916863
9.495134554513353 1.629723640370842
7.799126293671497 3.5588193993650563
7.679853641854137 2.891199225882727
8.171704054030148 2.0965964583521925
7.308796797549969 0.9752719613766403
8.834383874563622 1.3121139467008773
7.947611698082482 1.9826413780337793
8.350393417656946 1.5489537218877358
8.238393238406163 2.787551704773927
5.638047433799969 1.6416155166434208
7.701136384442291 2.2292985957345546
7.093245009647809 2.0201229727098236
8.381554675823056 2.091460048712187
7.3942878231317435 3.067038228698384
8.894715983385169 2.496858471700831
6.328025882584626 0.8943226990984245
7.40690609673463 2.89444569808331
8.057264048442589 3.582678318117736
9.157985023560045 0.08548211175072828
8.66014325215201 2.134819699990388
9.71081352738422 4.142245368547261
7.6663640594433495 1.1912525483308951
8.322014733982162 3.1125465797204637
9.044154818690949 5.053729066010076
9.2603044341413 1.649664574723307
9.134070863083839 2.7989708311837536
8.815857942744685 3.0954640923751984
10.234026939364563 1.3008646959846504
8.583147654920241 0.6335371645827486
9.324608193410757 2.6178170611692875
6.194179649675359 -0.4768969715502136
8.34188762388081 0.7938593637286526
8.480067052697672 2.4051226553053526
8.15084364773001 0.858862208366159
7.860660352067 3.3769170178657926
9.414340504940736 3.077037497577903
7.982717774613232 0.8999428813607686
9.047483572004323 0.6318668498346514
7.982031401290442 0.8712603146157116
7.38341682826686 1.0595428454570317
8.583189482365949 2.6696251647772296
6.974206253851841 1.4149522707120192
10.099372993364488 3.150182152936249
8.4564097930223 0.46976504456784607
7.516576312593021 1.132884102976343
8.065605697106642 1.1321431124969523
7.632360716758802 0.10701842251469751
8.541004380860846 0.7191144047460833
8.441244206544388 2.6003588032247023
8.294160200472758 1.7559123785874187
8.839992262990368 2.610336794944618
6.153806332558256 3.2677624832158862
8.970965416476364 1.4779969993259061
7.819717805245889 1.224077931472717
8.679548834265729 3.7239307721372503
7.233230509363169 2.931087452253614
7.803555587473886 1.9720035622159369
8.333081623666503 1.5982393533992272
8.849705698693755 1.291527272779979
8.294038326937821 4.138503167479081
9.476364076803103 2.2435675247333835
7.497375546635282 1.5382400466078852
10.253247788995845 0.9143743070589012
7.193282653529487 1.8567249257440244
8.291516862880766 0.9885301986337565
7.223472682879889 1.3460566081229377
8.405903354062325 2.137535035305269
8.779217303128961 1.9597680338789882
8.569168777051177 2.5558285808133974
7.1763518449608625 1.3121078841556688
9.837802558754166 2.7277658876767763
9.593726994690337 2.107166331280454
8.826769047949066 2.7589393795091297
9.84808258054752 3.103425528263757
6.2691361510175785 3.3549980473575296
7.912593455762132 3.5607627359307648
7.109233063633078 2.6798555515434606
7.498218917597191 3.153861828898539
8.175064544963522 0.7706972175420994
8.364829317278128 2.316285330528163
8.534484932647622 1.0745184491943363
6.568612163033837 1.5847921814562735
10.383397317428376 2.4781541565485985
9.449165493857965 2.5350019252630878
9.31595140540863 2.5975776610280708
7.349481585921013 1.538650689108544
6.936622455518052 2.139924228533364
9.156469172646938 2.231539861199441
6.9370257080476225 2.299842298329633
8.812599694606813 3.6632830088181656
6.720719739109116 4.0851653248597835
8.472217247077129 0.42203471807309256
7.955910462848208 0.7402705832990593
7.067448081067096 0.8178413579549662
8.366621180483406 3.415010952690403
8.363106628088605 2.5067670966033893
9.22668342008874 3.038489512435776
9.69796268061985 1.5893631427121782
9.713620616415298 1.3585936826131397
8.576986698332833 0.4759494270602733
8.842536466946626 2.3399671634559014
7.889201407201037 1.7434808190466373
9.113612426412828 2.704197142162328
8.085641107019045 2.4469657074323887
7.515662912775739 0.14189466240258608
8.762774330112554 2.689957420607339
9.79208838950932 2.5847372822860475
8.021459696808058 0.5491140705982194
9.585566515684533 0.8160961947228891
7.965098327765566 1.9788029209419316
8.720545462066406 3.6114786001570534
10.019089747975489 2.9899951273979344
-8.4144546045958 -7.571865594810863
-11.134830207332769 -5.556861779114053
-11.219969451162985 -7.355902354177782
-10.532060336705879 -8.35898121316308
-10.86375282976133 -6.7366388564846265
-11.519840680138097 -7.5749675400034215
-11.12601751224712 -7.453178471789805
-11.199181003696715 -6.907807226370027
-9.964929470367453 -7.130291437403236
-10.674482964605126 -5.761993929640357
-10.23704219808031 -7.274238917588869
-9.675893623739226 -5.47288585792438
-9.33523481766771 -6.190355114267676
-9.936305567810807 -6.162219852676231
-9.06381289659912 -5.889758581117074
-10.194862321451078 -5.918593407409861
-8.613936596399409 -7.5797939663197065
-11.531395792234155 -7.080659606341342
-9.878187348182154 -6.77880269690004
-9.464607693485949 -6.527762840448224
-10.280531315494255 -8.265895511167274
-10.08364148605421 -6.727274596380884
-12.019803123953842 -7.117760290392929
-10.476456022213423 -6.299759783003539
-9.844801331057354 -6.699731124661738
-10.03709970087601 -7.791257568610561
-11.393570998017452 -5.798271443112858
-8.290234403251578 -7.3368302259212355
-10.059666105316538 -8.932569743637405
-9.866247569280693 -6.656807442304768
-12.51743359566187 -7.789337206202359
-10.705281783446484 -5.565984116241778
-11.554888618117946 -6.007975951716699
-12.11207033879237 -6.262764801413873
-9.019452091774316 -6.00988655522103
-11.289200018786563 -7.0752629003208565
-10.98808697827708 -7.593016731439067
-11.51695576911035 -7.67501358881802
-10.79375341955613 -6.448206227981359
-10.531527643847012 -6.739922716375858
-12.86277628017215 -5.639177410747816
-10.317492974264264 -7.137757958326358
-12.082726321054126 -7.356412829453999
-12.082010117690693 -6.3525489716052235
-10.443625776523708 -5.467616792850203
-10.927936951420737 -6.752408718157835
-10.113367823204985 -7.907006212088155
-12.603741788852707 -7.488930231748061
-10.587725689224087 -6.625273316829299
-9.779712289892874 -6.054611715145203
-9.997385151105828 -7.276772390394147
-10.505909372465105 -6.55684062722354
-11.387588804548969 -5.890456806943961
-10.367341278998477 -6.015883776854418
-11.800976750305097 -6.741504806942663
-10.36535810536828 -6.69813069385948
-10.01624092044204 -7.315919837173802
-12.29736165724544 -6.08336442337006
-12.012366714093204 -5.904898369199452
-11.761229247063024 -6.791473705526971
-10.581257569309365 -7.619660668274831
-10.154024745792517 -4.746899330365797
-10.083466660248536 -7.121644337242391
-10.383188029771995 -4.546801481313928
-9.053424342390338 -8.083583201571924
-12.663677808833093 -7.003602664609165
-9.611835083506708 -6.088885620023655
-11.948415253261304 -6.073878807605059
-10.895208314685503 -7.076855134618075
-12.053263418080656 -6.860152124525596
-9.891753807387621 -7.4224829399956835
-11.771540765087867 -7.912968615136042
-10.086423443596095 -6.246033115693881
-10.705910050498078 -8.117918672292811
-11.601921464463699 -6.237912245917524
-10.678242837261275 -7.125647827582322
-12.099117138444056 -6.054194597434243
-8.560506371394375 -6.233928035822489
-9.203617965277568 -7.528277685946108
-12.006047907636464 -7.560940664734925
-10.731202071353584 -6.97921244572024
-10.698342910449748 -8.848942748845966
-9.440200887416864 -6.633243407653595
-10.841229628198276 -5.442635215759212
-11.645874040762358 -7.111565150888828
-10.900307033439393 -5.598418830984068
-9.863027489213016 -7.237992689734201
-10.933608693457263 -6.575100289876979
-9.665467540049343 -4.650613620014271
-11.629853937135307 -6.308331690041994
-9.475645180118027 -7.090892622846395
-11.089391485902905 -4.521954237011494
-11.48547991905326 -5.761190696411334
-11.776786050598595 -7.673070763888839
-11.35553535919388 -7.234837067656314
-10.401384195383967 -5.757814293802128
-11.125249310780145 -8.149768361340792
-11.11631863399838 -8.871577602509982
-10.95937150647543 -8.05960203032973
-10.118721152567554 -7.219865906796354
-11.64527506431903 -6.951686550872896
-8.93610050023524 -7.150227328462463
-12.521903926907363 -7.716019556549259
-11.885510760367627 -5.34906287577817
-8.97850353352356 -5.647297519698542
-9.845803459521939 -6.815869667058989
-8.081891814947127 -7.973334920384594
-11.255516138588257 -6.576317552410054
-11.732515730168204 -6.794567998390824
-10.500719227958907 -7.946469525689684
-11.410604392100707 -8.301242635917516
-10.071483003600285 -6.559569950073065
-10.118839208971906 -6.322634709559186
-9.722621555307388 -5.4768862881241915
-10.794235997821465 -7.301792440628378
-12.15877444121605 -8.652987788880589
-10.072459476857532 -6.014076080068136
-13.666225737069826 -8.701505095650571
-10.26392583164001 -7.671723531825545
-10.87901302228375 -7.531221828594047
-9.562025138524302 -7.124206061999029
-11.76781865463037 -5.733598978038657
-10.063242301397857 -5.708739037999415
-10.152302676684931 -6.69107268481243
-10.468458860941297 -8.359884582013077
-10.313823184751712 -7.752642736095547
-11.492171877982472 -5.9207819019902805
-11.49461333914539 -7.759076047102426
-10.908198926942537 -8.664637722727162
-9.087206503837864 -7.69408706294442
-11.86301565594064 -4.812607378462998
-10.09281485085737 -6.480205754986302
-10.30747599697217 -6.003879608674833
-10.18738174407342 -7.9568329248286584
-11.459079542957069 -6.581916948314042
-10.779696216320016 -7.154773747403235
-9.26651223574128 -4.969516141503196
-9.989218146978914 -5.743944178866515
-11.075023893172457 -6.28837704010642
-11.358737284299156 -5.681809444099932
-10.250430127092365 -6.2484709662239135
-10.746111265942538 -6.942681352871306
-9.106991778535715 -7.392748789024035
-11.548055163468636 -7.887610360366282
-11.76313444041515 -6.953674674507435
-11.406581292495122 -6.448588809962391
-9.431651783413718 -5.166720244010923
-11.818437042851446 -6.1296572112472365
-10.351260864238329 -6.50858392905852
-11.983380092166271 -6.720582332266165
-12.524614044242828 -6.982789239886079
-12.14498425422354 -7.169124072989188
-8.855080162225871 -10.021726156753019
-9.446991564450325 -7.703733411347214
-10.944239038329636 -4.617253048935134
-11.504480000315345 -6.997255328746355
-11.657526375545281 -8.377255119622282
-11.389625345290138 -6.903910626386165
-11.416827623353505 -8.819192037844589
-10.315929484818405 -6.660337344027613
-12.47808306692922 -5.369056332008622
-11.533155931253074 -7.094625258902953
-11.554863164487747 -6.794367148280791
-11.048199261124298 -5.245040592782396
-12.360901829285025 -6.605151513770538
-10.894611184800286 -6.537994027321342
-11.944593472183659 -5.828524181866557
-9.982028822144915 -7.187563702427845
-9.729694157515508 -8.828194175694808
-11.12375526748093 -7.285611545872974
-10.411241767250404 -6.38715154404298
-10.055817265374635 -7.5366086815974
-11.187011610622958 -7.69152323050981
-9.47482391702049 -5.5178095708536645
-10.350005753423389 -7.543004992214926
-11.826681748328223 -5.6692644983631455
-8.744389973595792 -7.045975704374631
-12.09571943264727 -9.753501092832881
-9.310577957013555 -6.825493831974035
-10.769164258584158 -6.0779274365711276
-11.622888866332495 -7.931423929403995
-10.452785714441971 -6.7298911193725015
-11.209607166477415 -4.829001622498145
-10.609673935863391 -7.899826540983142
-10.687012136774412 -5.79186289851929
-10.909714822231996 -4.433025145234875
-11.514665383920805 -6.903573892227832
-10.38687522447248 -8.394930369044154
-11.193131370304306 -5.979713524763085
-9.91290602759449 -6.111969365956191
-12.29161179995497 -6.926501346109819
-10.817247176356187 -7.351100198995945
-9.853860844355495 -4.864279611663194
-11.02719538387464 -6.154198396475888
-10.1565879085658 -7.375559556766838
-10.531468553207063 -7.84825183444104
-10.666091868408353 -6.902700942151718
-9.907933307550397 -6.698425352811495
-10.041119285964985 -7.29891097915057
-10.048285295206801 -7.093013786687723
-12.78231757661273 -6.891476755102389
-11.791504788345575 -6.3387854596491975
-10.558999694302756 -6.2477219815728855
-12.917163502038303 -7.630778351226407
-9.977159560331144 -7.299715823576594
-11.347573253096973 -5.527512777831051
-9.903227344332556 -8.258353151972111
-9.981098880206009 -5.136376605178887
-11.171460063595456 -7.860317126905556
-11.62103322643894 -7.147246276665351
-10.748283439692914 -6.713035721862053
-10.192457312988694 -9.628113460011399
-11.272088959853471 -5.857092084965831
-10.58561807804664 -6.405058265480702
-11.136972557967125 -7.196455370144784
-10.538085861303774 -8.64977623407218
-10.404145226706076 -6.353733070178931
-9.956160072658445 -8.10168035447707
-10.530868844938517 -8.77976899589927
-11.315823534693141 -6.710582777551917
-11.01668046994084 -6.896136832311167
-10.829048031717546 -4.584146207544421
-10.145678841907731 -5.266656579002911
-11.375281483874188 -5.969411931100677
-9.727432210922881 -8.758630889260095
-9.642428609318479 -6.453444891402484
-7.517010018192966 -6.220103184622714
-10.600474176322134 -5.009297777890016
-11.376184017926468 -7.053100925534729
-10.29313134829903 -7.862971804614661
-9.104535903509186 -6.245418176258018
-8.997948274310017 -7.168394611150703
-10.938227499932818 -7.862487677971407
-11.035922472858205 -6.891010160754074
-8.360067352765741 -8.380714801144878
-11.047620038325363 -6.60443936814002
-9.589803140780207 -4.5343603923259685
-12.219002284935806 -5.4732674973905056
-12.78018726318961 -6.268534887050389
-12.259181073034082 -6.564667693255537
-9.162040432359424 -7.311789407039284
-11.958252139374965 -7.379019299918842
-11.168175808153814 -6.0632795332842955
-10.419559202411707 -7.929344123447196
-10.149277728044186 -7.39527702316815
-9.852190274828548 -6.825519295843789
-10.358325476199212 -6.838651819198232
-9.5328421110949 -8.761987240003116
-10.475290983807335 -5.710508008850674
-9.29492364690952 -7.480869899811581
-10.200881472489662 -6.2808159043576595
-8.982837008387142 -8.640583833338622
-9.058214088785942 -4.126325611793659
-11.203516275615055 -5.511295596197522
-9.525445795633104 -7.732321158058535
-11.008673651951918 -4.892118677016499
-9.234366594831076 -6.484097632913315
-10.798676290955406 -7.26661150011839
-9.881951110897624 -6.167288890299188
-12.460581776779566 -7.871421112894123
-11.711121619092275 -6.644700368638516
-10.19782879037841 -7.120919981834574
-11.922969408448235 -6.531716767218602
-11.67263890931848 -7.021165391013129
-10.250765990320586 -7.25582262951829
-10.44258453956689 -4.586246558100333
-11.606400068188657 -6.350468806997391
-9.27766044859377 -6.668063839814824
-11.309981117338456 -7.474095869639565
-11.310808446884153 -7.105623455242734
-11.051371460954945 -6.10379475259268
-9.943582047003622 -7.258087585479017
-11.539494947934934 -6.749898715227435
-11.39198271021958 -7.30734361876754
-11.735885187998942 -7.353405190193744
-10.353882376581439 -6.297494348055965
-8.360365333009275 -6.942199589707522
-12.411599606047336 -8.560671901311187
-11.926451744167696 -7.297121650706795
-10.927898598459926 -7.348767089351064
-11.457191370316453 -6.8084881024340405
-11.592819310654626 -6.268967909610324
-10.523444231272524 -7.43702029949407
-9.684888586571331 -7.37655382970745
-10.144992811088578 -6.398186272857014
-10.64356442356904 -5.931394392152299
-10.330668530452549 -6.769825758257618
-9.226815834671937 -7.715495437460633
-9.86014777522209 -6.3531325522335065
-11.009589667307988 -6.897302025952523
-12.407286192103669 -6.446308159434875
-11.840093041766588 -7.235890664684029
-9.287169153323081 -6.586579433654929
-11.068904793892319 -5.243466463558089
-9.129342365757973 -7.50978558514222
-12.67010452983477 -7.676411071248959
-11.224577440988254 -6.902857773015954
-12.38757804537784 -5.802589896853829
-11.445611459881857 -7.368330473915442
-11.914726370407621 -5.7498033036376235
-12.331477994590964 -6.288609851195062
-9.484923418025051 -6.06149089215333
-10.437735532175905 -5.449428414945648
-9.563638714653159 -5.520813623806782
-7.441221933933413 -6.4085659581524075
-10.108243437174636 -6.9141296803232475
-10.430777021739452 -7.988651116910718
-10.569846950849298 -5.638998445294553
-10.239608654342332 -6.548453232785275
-11.619508702639207 -7.47271277936288
-12.190527427132912 -6.889979333359012
-10.348193334352919 -6.811400360540589
-10.65188772654453 -9.217827444534173
-10.010456884907214 -6.097176274512194
-11.399666230025813 -5.450258540736716
-9.966897836408037 -6.366591218339586
-11.568304425956601 -5.5293113063265125
-11.075320051455188 -7.8703003317358
-11.962904231255099 -5.218976240470861
-10.564281037453256 -7.424514395042121
-9.769387277838414 -7.040145616282278
-10.853251552347908 -6.269133870563588
-10.896486530243035 -6.122355700619056
-11.67357359655083 -6.886665080218796
-11.329700493941221 -7.173786925150076
-9.927650735035368 -8.199300112679571
-12.093075450988175 -6.499062813737809
-10.801139322894073 -7.073645320418223
-10.133478759456478 -7.196162513545539
-11.08099806013803 -5.3379310051377535
-12.491121916239281 -6.4707964557701425
-9.925358215321797 -7.330710987308104
-10.80005009723459 -5.74765977071289
-12.232551071392134 -6.7179505970605025
-10.572340884445051 -8.024245874251186
-11.119608350066848 -5.717008591557354
-10.383829008637088 -6.8940518575939125
-11.851425752366882 -6.774716343205117
-11.20754264213564 -6.912869359808805
-9.411220617086354 -5.2156287978045155
-10.32405582366088 -6.269201771223238
-9.53922343592206 -5.449487287826504
-10.430050712239982 -6.231975094110076
-11.75888932528958 -5.470942533816786
-11.360028518157634 -7.3429012515681
-12.292374130218446 -5.774406819582252
-10.533239395297306 -5.842547113679522
-9.481656012229612 -8.185474057497128
-11.732411769749467 -7.702746541003815
-10.384206925141497 -8.487234020581806
-11.519894703978272 -7.803311910666588
-9.869603745986183 -7.10635772985701
-10.96185287717235 -6.880240407355361
-9.875625028760666 -5.6605098610580225
-11.184849894553084 -6.8171601517983325
-10.44593969481429 -6.493263183842523
-11.068734739225508 -7.325133926162001
-11.708937207060337 -5.806515674721787
-11.525442338082383 -6.734891035570902
-9.062582570666287 -7.314264517790054
-10.13197107170626 -6.3264576978300235
-10.83413811748781 -7.236287674724654
-10.07615533927093 -5.501052088958999
-11.246583077575375 -8.027201299578511
-10.123100948139571 -7.4036014586474
-11.7626939336388 -5.233704470490702
-8.943197808081276 -7.488779172591145
-9.743595709118164 -5.480145106311936
-11.56082083208884 -7.7312760594209085
-10.190526173587278 -6.307260351705973
-12.38493723285471 -8.341003038065319
-10.215224372117813 -6.160486126241403
-11.514690287810302 -7.151894774592491
-12.385001362169598 -7.18596181783739
-9.945812482745913 -6.6756114253123755
-9.976302290448546 -7.443761335394817
-9.799235181729445 -5.846016816993784
-11.100079119793596 -7.169225599761102
-8.517786534398684 -7.100101435996532
-11.101128567880902 -7.570772488144628
-10.99060700170953 -7.2685013090706025
-9.887746367607656 -9.140340106372031
-11.120405779183125 -8.181819861616523
-10.775788513800313 -6.316127474088976
-10.032757383988821 -5.621632947443394
-8.303989497585231 -6.523460953960489
-10.615439495782732 -6.252447640827918
-12.129207501281309 -7.020270658116113
-12.5373055108347 -8.55380763206518
-9.513660135715341 -6.825997894335449
-10.437913596405929 -7.137826802463175
-10.776539945333989 -5.450166969831766
-9.763885957565632 -7.780365962155969
-11.849162433495056 -6.902532096525044
-11.951489326653455 -7.251444591455279
-11.437390214841235 -7.6610910479012055
-11.401112506016009 -5.908348794228912
-10.281966784819726 -8.227184459086118
-9.674455887372005 -7.514633665581913
-11.841544062377695 -7.66956194150548
-10.68351240349423 -8.124093699381465
-11.112503673470897 -6.52204980297329
-13.517193546331903 -6.587898090415093
-11.056475762198087 -6.649917148781802
-10.998172724851248 -6.525410282360755
-10.96711336700378 -6.612846020187089
-9.450301384984499 -6.805391953435092
-11.364774667632691 -6.6091345548894145
-9.88226360355055 -6.518580492487001
-9.919456330289453 -7.143808574293147
-11.642030021435017 -6.976485238694462
-9.808030016935883 -7.411832248594406
-10.447756824144275 -7.7609901865860635
-9.41324834988269 -5.82051279266125
-10.026282196468372 -7.174198073314154
-10.709608125243689 -6.02126648330082
-10.012048388761656 -7.083113806449703
-12.197285906530634 -8.031931660364348
-12.452393815909842 -7.17722924819547
-12.22740321197437 -7.009795242392128
-12.335290413791997 -6.524020143904002
-9.419006653326333 -5.73887865854927
-12.883480683671685 -6.042486155999905
-10.758057799738646 -6.942392490320739
-9.908512255110661 -7.552260331524374
-10.013723422638279 -7.507706447295613
-12.120555251031636 -7.859155972006407
-8.516310603102161 -6.627539869228622
-10.852790728878789 -6.8870263882417335
-11.596747286214333 -6.675812736499815
-9.337122539015965 -6.55264073248092
-10.046689776271768 -6.166301293009416
-10.929867210188874 -6.742189153757982
-10.382652158411414 -6.885145173589698
-9.228361144146309 -8.05366851721271
-10.806719538601996 -7.465842293856795
-12.732611180119772 -7.490397885526483
-11.161813337170463 -7.962397903977988
-11.285729521951643 -6.985998803027865
-11.805834664363132 -5.983691701447481
-10.175789104109874 -6.571965082453339
-12.03164754772931 -8.003727366775012
-11.558524099347647 -6.974684181916289
-11.20332226813974 -6.3603453079671795
-10.660244850087645 -6.315877143200236
-10.072845174759266 -7.60944368497083
-11.49845111719647 -7.401650938056328
-11.788472698135966 -7.327438643591868
-11.672509925817184 -8.103656599526625
-10.643854083304713 -8.571129524730301
-10.037365268254884 -7.692068920003347
-10.935010910532696 -3.8310591370368208
-11.050406438451935 -7.182446067219015
-10.346384716640577 -7.122610769749843
-11.11445620915319 -6.979764154511491
-10.50154114223242 -6.306673677685117
-10.500167158963857 -6.7607602306028936
-10.739499128090637 -5.19229944152574
-11.246652285064645 -7.991812698277273
-11.55008868445769 -4.746645071960078
-9.649536420167795 -6.17532526043302
-10.670160938689156 -7.742689790562241
-10.197394006913015 -8.218209262159377
-11.178274329225488 -6.633130114161772
-10.166303398138288 -7.305429082753888
-10.881678890119245 -7.408793120104299
-11.135803359873522 -7.08215351101319
-10.19413052596671 -5.756389290647012
-11.213971953799925 -5.305163508749263
-10.490286523763936 -8.004078858937932
-12.895950360650573 -6.455537154999757
-10.626821467939337 -7.196698261726553
-10.685052448634984 -7.151613513461861
-10.282900321295092 -6.018548197484088
-10.523175535224567 -8.560052901126241
-11.042942267179756 -7.860873120274322
-10.979704228509162 -5.523600526947459
-11.224074317982534 -5.948000309208787
-11.243208572240201 -7.3567754833048005
-11.275810869043635 -6.423936237119896
-11.258213104427552 -7.773948658055098
-10.232273311501482 -6.466117492927542
-11.47133312940448 -6.982895176250547
-11.176980281130025 -6.894458285316554
-11.504870906243383 -6.041868478969675
-11.057450678310916 -8.429718945604032
-13.174934010392784 -6.0131167026017875
-9.991456009028166 -8.301401003052371
-10.870466814473776 -5.456408458001676
-9.642095934080585 -7.58898561344831
-9.007080291467929 -7.674845548127531
-10.831017276978296 -7.584247559626566
-10.68874424794426 -7.277252171375057
-9.255405613551192 -7.818629019953026
-10.576042948708634 -4.81403318674024
-10.522462784459565 -7.206366308432096
-10.620077668246191 -4.746392346252621
-9.22054529402698 -4.371996380420374
-10.649030999277603 -6.244882604878899
-10.904683542587703 -6.416714008239096
